(kicad_pcb (version 20171130) (host pcbnew "(5.1.12)-1")

  (general
    (thickness 1.6)
    (drawings 6)
    (tracks 821)
    (zones 0)
    (modules 130)
    (nets 198)
  )

  (page A4)
  (layers
    (0 F.Cu signal)
    (31 B.Cu signal)
    (32 B.Adhes user)
    (33 F.Adhes user)
    (34 B.Paste user)
    (35 F.Paste user)
    (36 B.SilkS user)
    (37 F.SilkS user)
    (38 B.Mask user)
    (39 F.Mask user)
    (40 Dwgs.User user)
    (41 Cmts.User user)
    (42 Eco1.User user)
    (43 Eco2.User user)
    (44 Edge.Cuts user)
    (45 Margin user)
    (46 B.CrtYd user)
    (47 F.CrtYd user)
    (48 B.Fab user hide)
    (49 F.Fab user hide)
  )

  (setup
    (last_trace_width 0.254)
    (user_trace_width 0.2032)
    (user_trace_width 0.254)
    (user_trace_width 0.508)
    (user_trace_width 0.762)
    (user_trace_width 1.016)
    (user_trace_width 1.27)
    (user_trace_width 1.524)
    (trace_clearance 0.2)
    (zone_clearance 0.127)
    (zone_45_only no)
    (trace_min 0.2)
    (via_size 0.8)
    (via_drill 0.4)
    (via_min_size 0.4)
    (via_min_drill 0.3)
    (user_via 0.7 0.3)
    (uvia_size 0.3)
    (uvia_drill 0.1)
    (uvias_allowed no)
    (uvia_min_size 0.2)
    (uvia_min_drill 0.1)
    (edge_width 0.05)
    (segment_width 0.2)
    (pcb_text_width 0.3)
    (pcb_text_size 1.5 1.5)
    (mod_edge_width 0.12)
    (mod_text_size 1 1)
    (mod_text_width 0.15)
    (pad_size 3.200001 3.200001)
    (pad_drill 3.200001)
    (pad_to_mask_clearance 0)
    (aux_axis_origin 0 0)
    (grid_origin 35.687 23.622)
    (visible_elements 7FFFFFFF)
    (pcbplotparams
      (layerselection 0x010fc_ffffffff)
      (usegerberextensions false)
      (usegerberattributes true)
      (usegerberadvancedattributes true)
      (creategerberjobfile true)
      (excludeedgelayer true)
      (linewidth 0.100000)
      (plotframeref false)
      (viasonmask false)
      (mode 1)
      (useauxorigin false)
      (hpglpennumber 1)
      (hpglpenspeed 20)
      (hpglpendiameter 15.000000)
      (psnegative false)
      (psa4output false)
      (plotreference true)
      (plotvalue true)
      (plotinvisibletext false)
      (padsonsilk false)
      (subtractmaskfromsilk false)
      (outputformat 1)
      (mirror false)
      (drillshape 1)
      (scaleselection 1)
      (outputdirectory ""))
  )

  (net 0 "")
  (net 1 "Net-(C1-Pad1)")
  (net 2 VOUT-)
  (net 3 "Net-(C3-Pad1)")
  (net 4 /Ethernet/VPORTP)
  (net 5 +3V3)
  (net 6 "Net-(C26-Pad1)")
  (net 7 GNDPWR)
  (net 8 "Net-(CG1-Pad1)")
  (net 9 "Net-(CG2-Pad1)")
  (net 10 "Net-(CT1-Pad1)")
  (net 11 "Net-(CT2-Pad1)")
  (net 12 "Net-(CT3-Pad1)")
  (net 13 "Net-(CT4-Pad1)")
  (net 14 VOUT+)
  (net 15 "Net-(D1-Pad2)")
  (net 16 "Net-(D3-Pad2)")
  (net 17 "Net-(D4-Pad2)")
  (net 18 "Net-(D5-Pad2)")
  (net 19 "Net-(J2-Pad1)")
  (net 20 "Net-(J2-Pad2)")
  (net 21 "Net-(J2-Pad3)")
  (net 22 "Net-(J2-Pad4)")
  (net 23 "Net-(JP1-Pad1)")
  (net 24 /Ethernet/RCLASS)
  (net 25 "Net-(JP3-Pad1)")
  (net 26 /Ethernet/RCLASS++)
  (net 27 "Net-(JP4-Pad2)")
  (net 28 /Ethernet/LED_LINK)
  (net 29 "Net-(J1-Pad11)")
  (net 30 "Net-(J1-Pad9)")
  (net 31 /Ethernet/LED_ACT)
  (net 32 "Net-(R10-Pad1)")
  (net 33 "Net-(R11-Pad1)")
  (net 34 "Net-(Q1-Pad4)")
  (net 35 PWRGD)
  (net 36 "Net-(R15-Pad2)")
  (net 37 "Net-(R18-Pad2)")
  (net 38 "Net-(R19-Pad1)")
  (net 39 /Ethernet/POE_CT12)
  (net 40 /Ethernet/POE_CT36)
  (net 41 /Ethernet/POE_CT45)
  (net 42 /Ethernet/POE_CT78)
  (net 43 "Net-(RT5-Pad1)")
  (net 44 "Net-(RT6-Pad1)")
  (net 45 "Net-(RT7-Pad1)")
  (net 46 "Net-(RT8-Pad1)")
  (net 47 NRST)
  (net 48 /Ethernet/RX-)
  (net 49 /Ethernet/RX+)
  (net 50 /Ethernet/TX-)
  (net 51 /Ethernet/TX+)
  (net 52 "Net-(J1-Pad1)")
  (net 53 "Net-(J1-Pad2)")
  (net 54 "Net-(J1-Pad3)")
  (net 55 "Net-(J1-Pad6)")
  (net 56 "Net-(J1-Pad5)")
  (net 57 "Net-(J1-Pad4)")
  (net 58 "Net-(J1-Pad8)")
  (net 59 "Net-(J1-Pad7)")
  (net 60 /Ethernet/TG36)
  (net 61 /Ethernet/TG45)
  (net 62 /Ethernet/TG78)
  (net 63 /Ethernet/BG78)
  (net 64 /Ethernet/BG45)
  (net 65 /Ethernet/BG36)
  (net 66 /Ethernet/BG12)
  (net 67 /Ethernet/TG12)
  (net 68 "Net-(U3-Pad4)")
  (net 69 "Net-(U3-Pad5)")
  (net 70 "Net-(U3-Pad7)")
  (net 71 "Net-(U3-Pad8)")
  (net 72 "Net-(U3-Pad9)")
  (net 73 "Net-(C12-Pad1)")
  (net 74 "Net-(R3-Pad1)")
  (net 75 "Net-(U3-Pad15)")
  (net 76 MDC)
  (net 77 SPI2_MISO)
  (net 78 SPI2_MOSI)
  (net 79 "Net-(U3-Pad21)")
  (net 80 "Net-(U3-Pad23)")
  (net 81 "Net-(U3-Pad24)")
  (net 82 MDIO)
  (net 83 "Net-(U3-Pad26)")
  (net 84 SPI1_CS)
  (net 85 SPI1_SCK)
  (net 86 SPI1_MISO)
  (net 87 CRS_DV)
  (net 88 RXD0)
  (net 89 RXD1)
  (net 90 CLK_429)
  (net 91 CLK_2660)
  (net 92 "Net-(U3-Pad37)")
  (net 93 "Net-(U3-Pad38)")
  (net 94 "Net-(U3-Pad39)")
  (net 95 "Net-(U3-Pad40)")
  (net 96 "Net-(U3-Pad41)")
  (net 97 "Net-(U3-Pad42)")
  (net 98 "Net-(U3-Pad43)")
  (net 99 "Net-(U3-Pad44)")
  (net 100 "Net-(U3-Pad45)")
  (net 101 "Net-(U3-Pad46)")
  (net 102 SPI2_SCK)
  (net 103 TXEN)
  (net 104 "Net-(U3-Pad49)")
  (net 105 TXD0)
  (net 106 TXD1)
  (net 107 "Net-(U3-Pad53)")
  (net 108 "Net-(U3-Pad54)")
  (net 109 "Net-(U3-Pad55)")
  (net 110 "Net-(U3-Pad56)")
  (net 111 "Net-(U3-Pad57)")
  (net 112 "Net-(U3-Pad58)")
  (net 113 "Net-(U3-Pad62)")
  (net 114 "Net-(U3-Pad63)")
  (net 115 "Net-(U3-Pad64)")
  (net 116 "Net-(U3-Pad65)")
  (net 117 "Net-(U3-Pad66)")
  (net 118 "Net-(U3-Pad67)")
  (net 119 "Net-(U3-Pad68)")
  (net 120 "Net-(U3-Pad69)")
  (net 121 "Net-(U3-Pad71)")
  (net 122 "Net-(U3-Pad73)")
  (net 123 "Net-(U3-Pad83)")
  (net 124 "Net-(U3-Pad84)")
  (net 125 "Net-(U3-Pad85)")
  (net 126 "Net-(U3-Pad86)")
  (net 127 "Net-(U3-Pad87)")
  (net 128 "Net-(U3-Pad88)")
  (net 129 SPI1_MOSI)
  (net 130 "Net-(U3-Pad93)")
  (net 131 "Net-(U3-Pad95)")
  (net 132 SPI2_CS)
  (net 133 "Net-(U3-Pad97)")
  (net 134 "Net-(U3-Pad98)")
  (net 135 +12V)
  (net 136 "Net-(U14-Pad1)")
  (net 137 "Net-(U14-Pad5)")
  (net 138 "Net-(U14-Pad6)")
  (net 139 "Net-(U14-Pad7)")
  (net 140 "Net-(R30-Pad1)")
  (net 141 "Net-(R31-Pad1)")
  (net 142 "Net-(R32-Pad1)")
  (net 143 "Net-(U14-Pad25)")
  (net 144 "Net-(U14-Pad27)")
  (net 145 "Net-(U14-Pad33)")
  (net 146 "Net-(U14-Pad34)")
  (net 147 "Net-(U14-Pad38)")
  (net 148 "Net-(R35-Pad1)")
  (net 149 "Net-(U14-Pad41)")
  (net 150 "Net-(U14-Pad42)")
  (net 151 "Net-(U14-Pad45)")
  (net 152 "Net-(U14-Pad46)")
  (net 153 "Net-(J3-Pad3)")
  (net 154 "Net-(R25-Pad2)")
  (net 155 "Net-(J3-Pad4)")
  (net 156 /Motor_Control/STEP)
  (net 157 /Motor_Control/DIR)
  (net 158 "Net-(U15-Pad12)")
  (net 159 "Net-(U15-Pad16)")
  (net 160 "Net-(U16-Pad1)")
  (net 161 "Net-(R26-Pad1)")
  (net 162 "Net-(C15-Pad1)")
  (net 163 "Net-(C23-Pad2)")
  (net 164 "Net-(U16-Pad20)")
  (net 165 "Net-(C16-Pad1)")
  (net 166 "Net-(R28-Pad1)")
  (net 167 "Net-(U16-Pad33)")
  (net 168 "Net-(U16-Pad34)")
  (net 169 "Net-(C18-Pad2)")
  (net 170 "Net-(U16-Pad37)")
  (net 171 "Net-(U16-Pad38)")
  (net 172 "Net-(X1-Pad1)")
  (net 173 "Net-(C6-Pad1)")
  (net 174 GND)
  (net 175 "Net-(JP2-Pad1)")
  (net 176 "Net-(R20-Pad1)")
  (net 177 /SWDIO)
  (net 178 /SWCLK)
  (net 179 "Net-(D6-Pad2)")
  (net 180 "Net-(U3-Pad81)")
  (net 181 "Net-(U3-Pad82)")
  (net 182 "Net-(R1-Pad2)")
  (net 183 "Net-(R2-Pad2)")
  (net 184 "Net-(R38-Pad2)")
  (net 185 "Net-(J4-Pad2)")
  (net 186 "Net-(J4-Pad3)")
  (net 187 "Net-(U3-Pad17)")
  (net 188 "Net-(U3-Pad18)")
  (net 189 "Net-(U3-Pad30)")
  (net 190 "Net-(U3-Pad31)")
  (net 191 "Net-(U3-Pad35)")
  (net 192 "Net-(U3-Pad36)")
  (net 193 "Net-(U3-Pad47)")
  (net 194 "Net-(U3-Pad96)")
  (net 195 "Net-(U3-Pad59)")
  (net 196 "Net-(U3-Pad60)")
  (net 197 "Net-(U3-Pad61)")

  (net_class Default "This is the default net class."
    (clearance 0.2)
    (trace_width 0.25)
    (via_dia 0.8)
    (via_drill 0.4)
    (uvia_dia 0.3)
    (uvia_drill 0.1)
    (add_net +12V)
    (add_net +3V3)
    (add_net /Ethernet/BG12)
    (add_net /Ethernet/BG36)
    (add_net /Ethernet/BG45)
    (add_net /Ethernet/BG78)
    (add_net /Ethernet/LED_ACT)
    (add_net /Ethernet/LED_LINK)
    (add_net /Ethernet/POE_CT12)
    (add_net /Ethernet/POE_CT36)
    (add_net /Ethernet/POE_CT45)
    (add_net /Ethernet/POE_CT78)
    (add_net /Ethernet/RCLASS)
    (add_net /Ethernet/RCLASS++)
    (add_net /Ethernet/RX+)
    (add_net /Ethernet/RX-)
    (add_net /Ethernet/TG12)
    (add_net /Ethernet/TG36)
    (add_net /Ethernet/TG45)
    (add_net /Ethernet/TG78)
    (add_net /Ethernet/TX+)
    (add_net /Ethernet/TX-)
    (add_net /Ethernet/VPORTP)
    (add_net /Motor_Control/DIR)
    (add_net /Motor_Control/STEP)
    (add_net /SWCLK)
    (add_net /SWDIO)
    (add_net CLK_2660)
    (add_net CLK_429)
    (add_net CRS_DV)
    (add_net GND)
    (add_net GNDPWR)
    (add_net MDC)
    (add_net MDIO)
    (add_net NRST)
    (add_net "Net-(C1-Pad1)")
    (add_net "Net-(C12-Pad1)")
    (add_net "Net-(C15-Pad1)")
    (add_net "Net-(C16-Pad1)")
    (add_net "Net-(C18-Pad2)")
    (add_net "Net-(C23-Pad2)")
    (add_net "Net-(C26-Pad1)")
    (add_net "Net-(C3-Pad1)")
    (add_net "Net-(C6-Pad1)")
    (add_net "Net-(CG1-Pad1)")
    (add_net "Net-(CG2-Pad1)")
    (add_net "Net-(CT1-Pad1)")
    (add_net "Net-(CT2-Pad1)")
    (add_net "Net-(CT3-Pad1)")
    (add_net "Net-(CT4-Pad1)")
    (add_net "Net-(D1-Pad2)")
    (add_net "Net-(D3-Pad2)")
    (add_net "Net-(D4-Pad2)")
    (add_net "Net-(D5-Pad2)")
    (add_net "Net-(D6-Pad2)")
    (add_net "Net-(J1-Pad1)")
    (add_net "Net-(J1-Pad11)")
    (add_net "Net-(J1-Pad2)")
    (add_net "Net-(J1-Pad3)")
    (add_net "Net-(J1-Pad4)")
    (add_net "Net-(J1-Pad5)")
    (add_net "Net-(J1-Pad6)")
    (add_net "Net-(J1-Pad7)")
    (add_net "Net-(J1-Pad8)")
    (add_net "Net-(J1-Pad9)")
    (add_net "Net-(J2-Pad1)")
    (add_net "Net-(J2-Pad2)")
    (add_net "Net-(J2-Pad3)")
    (add_net "Net-(J2-Pad4)")
    (add_net "Net-(J3-Pad3)")
    (add_net "Net-(J3-Pad4)")
    (add_net "Net-(J4-Pad2)")
    (add_net "Net-(J4-Pad3)")
    (add_net "Net-(JP1-Pad1)")
    (add_net "Net-(JP2-Pad1)")
    (add_net "Net-(JP3-Pad1)")
    (add_net "Net-(JP4-Pad2)")
    (add_net "Net-(Q1-Pad4)")
    (add_net "Net-(R1-Pad2)")
    (add_net "Net-(R10-Pad1)")
    (add_net "Net-(R11-Pad1)")
    (add_net "Net-(R15-Pad2)")
    (add_net "Net-(R18-Pad2)")
    (add_net "Net-(R19-Pad1)")
    (add_net "Net-(R2-Pad2)")
    (add_net "Net-(R20-Pad1)")
    (add_net "Net-(R25-Pad2)")
    (add_net "Net-(R26-Pad1)")
    (add_net "Net-(R28-Pad1)")
    (add_net "Net-(R3-Pad1)")
    (add_net "Net-(R30-Pad1)")
    (add_net "Net-(R31-Pad1)")
    (add_net "Net-(R32-Pad1)")
    (add_net "Net-(R35-Pad1)")
    (add_net "Net-(R38-Pad2)")
    (add_net "Net-(RT5-Pad1)")
    (add_net "Net-(RT6-Pad1)")
    (add_net "Net-(RT7-Pad1)")
    (add_net "Net-(RT8-Pad1)")
    (add_net "Net-(U14-Pad1)")
    (add_net "Net-(U14-Pad25)")
    (add_net "Net-(U14-Pad27)")
    (add_net "Net-(U14-Pad33)")
    (add_net "Net-(U14-Pad34)")
    (add_net "Net-(U14-Pad38)")
    (add_net "Net-(U14-Pad41)")
    (add_net "Net-(U14-Pad42)")
    (add_net "Net-(U14-Pad45)")
    (add_net "Net-(U14-Pad46)")
    (add_net "Net-(U14-Pad5)")
    (add_net "Net-(U14-Pad6)")
    (add_net "Net-(U14-Pad7)")
    (add_net "Net-(U15-Pad12)")
    (add_net "Net-(U15-Pad16)")
    (add_net "Net-(U16-Pad1)")
    (add_net "Net-(U16-Pad20)")
    (add_net "Net-(U16-Pad33)")
    (add_net "Net-(U16-Pad34)")
    (add_net "Net-(U16-Pad37)")
    (add_net "Net-(U16-Pad38)")
    (add_net "Net-(U3-Pad15)")
    (add_net "Net-(U3-Pad17)")
    (add_net "Net-(U3-Pad18)")
    (add_net "Net-(U3-Pad21)")
    (add_net "Net-(U3-Pad23)")
    (add_net "Net-(U3-Pad24)")
    (add_net "Net-(U3-Pad26)")
    (add_net "Net-(U3-Pad30)")
    (add_net "Net-(U3-Pad31)")
    (add_net "Net-(U3-Pad35)")
    (add_net "Net-(U3-Pad36)")
    (add_net "Net-(U3-Pad37)")
    (add_net "Net-(U3-Pad38)")
    (add_net "Net-(U3-Pad39)")
    (add_net "Net-(U3-Pad4)")
    (add_net "Net-(U3-Pad40)")
    (add_net "Net-(U3-Pad41)")
    (add_net "Net-(U3-Pad42)")
    (add_net "Net-(U3-Pad43)")
    (add_net "Net-(U3-Pad44)")
    (add_net "Net-(U3-Pad45)")
    (add_net "Net-(U3-Pad46)")
    (add_net "Net-(U3-Pad47)")
    (add_net "Net-(U3-Pad49)")
    (add_net "Net-(U3-Pad5)")
    (add_net "Net-(U3-Pad53)")
    (add_net "Net-(U3-Pad54)")
    (add_net "Net-(U3-Pad55)")
    (add_net "Net-(U3-Pad56)")
    (add_net "Net-(U3-Pad57)")
    (add_net "Net-(U3-Pad58)")
    (add_net "Net-(U3-Pad59)")
    (add_net "Net-(U3-Pad60)")
    (add_net "Net-(U3-Pad61)")
    (add_net "Net-(U3-Pad62)")
    (add_net "Net-(U3-Pad63)")
    (add_net "Net-(U3-Pad64)")
    (add_net "Net-(U3-Pad65)")
    (add_net "Net-(U3-Pad66)")
    (add_net "Net-(U3-Pad67)")
    (add_net "Net-(U3-Pad68)")
    (add_net "Net-(U3-Pad69)")
    (add_net "Net-(U3-Pad7)")
    (add_net "Net-(U3-Pad71)")
    (add_net "Net-(U3-Pad73)")
    (add_net "Net-(U3-Pad8)")
    (add_net "Net-(U3-Pad81)")
    (add_net "Net-(U3-Pad82)")
    (add_net "Net-(U3-Pad83)")
    (add_net "Net-(U3-Pad84)")
    (add_net "Net-(U3-Pad85)")
    (add_net "Net-(U3-Pad86)")
    (add_net "Net-(U3-Pad87)")
    (add_net "Net-(U3-Pad88)")
    (add_net "Net-(U3-Pad9)")
    (add_net "Net-(U3-Pad93)")
    (add_net "Net-(U3-Pad95)")
    (add_net "Net-(U3-Pad96)")
    (add_net "Net-(U3-Pad97)")
    (add_net "Net-(U3-Pad98)")
    (add_net "Net-(X1-Pad1)")
    (add_net PWRGD)
    (add_net RXD0)
    (add_net RXD1)
    (add_net SPI1_CS)
    (add_net SPI1_MISO)
    (add_net SPI1_MOSI)
    (add_net SPI1_SCK)
    (add_net SPI2_CS)
    (add_net SPI2_MISO)
    (add_net SPI2_MOSI)
    (add_net SPI2_SCK)
    (add_net TXD0)
    (add_net TXD1)
    (add_net TXEN)
    (add_net VOUT+)
    (add_net VOUT-)
  )

  (module Connector_RJ:RJ45_Amphenol_RJMG1BD3B8K1ANR (layer F.Cu) (tedit 62228DC3) (tstamp 621ED69C)
    (at 22.352 24.892 270)
    (descr "1 Port RJ45 Magjack Connector Through Hole 10/100 Base-T, AutoMDIX, https://www.amphenolcanada.com/ProductSearch/Drawings/AC/RJMG1BD3B8K1ANR.PDF")
    (tags "RJ45 Magjack")
    (path /620ECB3C/6362A82D)
    (fp_text reference J1 (at 4.445 -5.49 270) (layer F.SilkS)
      (effects (font (size 1 1) (thickness 0.15)))
    )
    (fp_text value RJ45 (at 4.445 18.23 270) (layer F.Fab)
      (effects (font (size 1 1) (thickness 0.15)))
    )
    (fp_line (start -2.43 -4.49) (end 12.32 -4.49) (layer F.Fab) (width 0.1))
    (fp_line (start 12.32 -4.49) (end 12.32 17.23) (layer F.Fab) (width 0.1))
    (fp_line (start 12.32 17.23) (end -3.43 17.23) (layer F.Fab) (width 0.1))
    (fp_line (start -3.43 17.23) (end -3.43 -3.49) (layer F.Fab) (width 0.1))
    (fp_line (start -3.43 -3.49) (end -2.43 -4.49) (layer F.Fab) (width 0.1))
    (fp_line (start -3.53 1.69) (end -3.53 -4.59) (layer F.SilkS) (width 0.12))
    (fp_line (start -3.53 -4.59) (end 12.42 -4.59) (layer F.SilkS) (width 0.12))
    (fp_line (start 12.42 -4.59) (end 12.42 1.69) (layer F.SilkS) (width 0.12))
    (fp_line (start 12.42 4.89) (end 12.42 17.33) (layer F.SilkS) (width 0.12))
    (fp_line (start 12.42 17.33) (end -3.53 17.33) (layer F.SilkS) (width 0.12))
    (fp_line (start -3.53 17.33) (end -3.53 4.89) (layer F.SilkS) (width 0.12))
    (fp_line (start -3.73 -1) (end -3.73 1) (layer F.SilkS) (width 0.12))
    (fp_line (start -5.13 -4.99) (end -5.13 17.73) (layer F.CrtYd) (width 0.05))
    (fp_line (start -5.13 17.73) (end 14.02 17.73) (layer F.CrtYd) (width 0.05))
    (fp_line (start 14.02 17.73) (end 14.02 -4.99) (layer F.CrtYd) (width 0.05))
    (fp_line (start 14.02 -4.99) (end -5.13 -4.99) (layer F.CrtYd) (width 0.05))
    (fp_text user %R (at 4.445 6.37 270) (layer F.Fab)
      (effects (font (size 1 1) (thickness 0.15)))
    )
    (pad 1 thru_hole rect (at 0 0 270) (size 1.9 1.9) (drill 0.9) (layers *.Cu *.Mask)
      (net 52 "Net-(J1-Pad1)"))
    (pad 2 thru_hole circle (at 1.27 -2.54 270) (size 1.9 1.9) (drill 0.9) (layers *.Cu *.Mask)
      (net 53 "Net-(J1-Pad2)"))
    (pad 3 thru_hole circle (at 2.54 0 270) (size 1.9 1.9) (drill 0.9) (layers *.Cu *.Mask)
      (net 54 "Net-(J1-Pad3)"))
    (pad 4 thru_hole circle (at 3.81 -2.54 270) (size 1.9 1.9) (drill 0.9) (layers *.Cu *.Mask)
      (net 57 "Net-(J1-Pad4)"))
    (pad 5 thru_hole circle (at 5.08 0 270) (size 1.9 1.9) (drill 0.9) (layers *.Cu *.Mask)
      (net 56 "Net-(J1-Pad5)"))
    (pad 6 thru_hole circle (at 6.35 -2.54 270) (size 1.9 1.9) (drill 0.9) (layers *.Cu *.Mask)
      (net 55 "Net-(J1-Pad6)"))
    (pad 7 thru_hole circle (at 7.62 0 270) (size 1.9 1.9) (drill 0.9) (layers *.Cu *.Mask)
      (net 59 "Net-(J1-Pad7)"))
    (pad 8 thru_hole circle (at 8.89 -2.54 270) (size 1.9 1.9) (drill 0.9) (layers *.Cu *.Mask)
      (net 58 "Net-(J1-Pad8)"))
    (pad 12 thru_hole circle (at 10.77 9.72 270) (size 1.89 1.89) (drill 0.89) (layers *.Cu *.Mask)
      (net 5 +3V3))
    (pad 11 thru_hole circle (at 8.23 11.24 270) (size 1.89 1.89) (drill 0.89) (layers *.Cu *.Mask)
      (net 29 "Net-(J1-Pad11)"))
    (pad 10 thru_hole circle (at 0.66 9.72 270) (size 1.89 1.89) (drill 0.89) (layers *.Cu *.Mask)
      (net 5 +3V3))
    (pad 9 thru_hole circle (at -1.88 11.24 270) (size 1.89 1.89) (drill 0.89) (layers *.Cu *.Mask)
      (net 30 "Net-(J1-Pad9)"))
    (pad "" thru_hole circle (at -3.33 3.29 270) (size 2.6 2.6) (drill 1.6) (layers *.Cu *.Mask))
    (pad 13 thru_hole circle (at 12.22 3.29 270) (size 2.6 2.6) (drill 1.6) (layers *.Cu *.Mask)
      (net 7 GNDPWR))
    (pad "" np_thru_hole circle (at -1.27 6.34 270) (size 3.25 3.25) (drill 3.25) (layers *.Cu *.Mask))
    (pad "" np_thru_hole circle (at 10.16 6.34 270) (size 3.25 3.25) (drill 3.25) (layers *.Cu *.Mask))
    (model ${KISYS3DMOD}/Connector_RJ.3dshapes/RJ45_Amphenol_RJMG1BD3B8K1ANR.wrl
      (at (xyz 0 0 0))
      (scale (xyz 1 1 1))
      (rotate (xyz 0 0 0))
    )
  )

  (module MountingHole:MountingHole_3.2mm_M3 (layer F.Cu) (tedit 622273DC) (tstamp 622412F3)
    (at 10.287 16.002)
    (descr "Mounting Hole 3.2mm, no annular, M3")
    (tags "mounting hole 3.2mm no annular m3")
    (attr virtual)
    (fp_text reference REF** (at 0 -4.2) (layer F.SilkS) hide
      (effects (font (size 1 1) (thickness 0.15)))
    )
    (fp_text value MountingHole_3.2mm_M3 (at 0 4.2) (layer F.Fab)
      (effects (font (size 1 1) (thickness 0.15)))
    )
    (fp_circle (center 0 0) (end 3.45 0) (layer F.CrtYd) (width 0.05))
    (fp_circle (center 0 0) (end 3.2 0) (layer Cmts.User) (width 0.15))
    (fp_text user %R (at 0.3 0) (layer F.Fab)
      (effects (font (size 1 1) (thickness 0.15)))
    )
    (pad "" np_thru_hole circle (at 0 0) (size 3.200001 3.200001) (drill 3.200001) (layers *.Cu *.Mask))
  )

  (module MountingHole:MountingHole_3.2mm_M3 (layer F.Cu) (tedit 622273DC) (tstamp 62240C16)
    (at 99.187 16.002)
    (descr "Mounting Hole 3.2mm, no annular, M3")
    (tags "mounting hole 3.2mm no annular m3")
    (attr virtual)
    (fp_text reference REF** (at 0 -4.2) (layer F.SilkS) hide
      (effects (font (size 1 1) (thickness 0.15)))
    )
    (fp_text value MountingHole_3.2mm_M3 (at 0 4.2) (layer F.Fab)
      (effects (font (size 1 1) (thickness 0.15)))
    )
    (fp_circle (center 0 0) (end 3.45 0) (layer F.CrtYd) (width 0.05))
    (fp_circle (center 0 0) (end 3.2 0) (layer Cmts.User) (width 0.15))
    (fp_text user %R (at 0.3 0) (layer F.Fab)
      (effects (font (size 1 1) (thickness 0.15)))
    )
    (pad "" np_thru_hole circle (at 0 0) (size 3.200001 3.200001) (drill 3.200001) (layers *.Cu *.Mask))
  )

  (module Resistor_SMD:R_0603_1608Metric_Pad1.05x0.95mm_HandSolder (layer B.Cu) (tedit 5B301BBD) (tstamp 621E54E4)
    (at 8.128 33.274 180)
    (descr "Resistor SMD 0603 (1608 Metric), square (rectangular) end terminal, IPC_7351 nominal with elongated pad for handsoldering. (Body size source: http://www.tortai-tech.com/upload/download/2011102023233369053.pdf), generated with kicad-footprint-generator")
    (tags "resistor handsolder")
    (path /620ECB3C/6210AA7F)
    (attr smd)
    (fp_text reference RT4 (at -0.254 12.446) (layer B.SilkS)
      (effects (font (size 1 1) (thickness 0.15)) (justify mirror))
    )
    (fp_text value 75 (at 0 -1.43) (layer B.Fab)
      (effects (font (size 1 1) (thickness 0.15)) (justify mirror))
    )
    (fp_line (start 1.65 -0.73) (end -1.65 -0.73) (layer B.CrtYd) (width 0.05))
    (fp_line (start 1.65 0.73) (end 1.65 -0.73) (layer B.CrtYd) (width 0.05))
    (fp_line (start -1.65 0.73) (end 1.65 0.73) (layer B.CrtYd) (width 0.05))
    (fp_line (start -1.65 -0.73) (end -1.65 0.73) (layer B.CrtYd) (width 0.05))
    (fp_line (start -0.171267 -0.51) (end 0.171267 -0.51) (layer B.SilkS) (width 0.12))
    (fp_line (start -0.171267 0.51) (end 0.171267 0.51) (layer B.SilkS) (width 0.12))
    (fp_line (start 0.8 -0.4) (end -0.8 -0.4) (layer B.Fab) (width 0.1))
    (fp_line (start 0.8 0.4) (end 0.8 -0.4) (layer B.Fab) (width 0.1))
    (fp_line (start -0.8 0.4) (end 0.8 0.4) (layer B.Fab) (width 0.1))
    (fp_line (start -0.8 -0.4) (end -0.8 0.4) (layer B.Fab) (width 0.1))
    (fp_text user %R (at 0 0) (layer B.Fab)
      (effects (font (size 0.4 0.4) (thickness 0.06)) (justify mirror))
    )
    (pad 1 smd roundrect (at -0.875 0 180) (size 1.05 0.95) (layers B.Cu B.Paste B.Mask) (roundrect_rratio 0.25)
      (net 42 /Ethernet/POE_CT78))
    (pad 2 smd roundrect (at 0.875 0 180) (size 1.05 0.95) (layers B.Cu B.Paste B.Mask) (roundrect_rratio 0.25)
      (net 13 "Net-(CT4-Pad1)"))
    (model ${KISYS3DMOD}/Resistor_SMD.3dshapes/R_0603_1608Metric.wrl
      (at (xyz 0 0 0))
      (scale (xyz 1 1 1))
      (rotate (xyz 0 0 0))
    )
  )

  (module Capacitor_SMD:C_0603_1608Metric_Pad1.05x0.95mm_HandSolder (layer B.Cu) (tedit 5B301BBE) (tstamp 621EA8CA)
    (at 12.954 30.226 270)
    (descr "Capacitor SMD 0603 (1608 Metric), square (rectangular) end terminal, IPC_7351 nominal with elongated pad for handsoldering. (Body size source: http://www.tortai-tech.com/upload/download/2011102023233369053.pdf), generated with kicad-footprint-generator")
    (tags "capacitor handsolder")
    (path /620ECB3C/620EF4EC)
    (attr smd)
    (fp_text reference C5 (at 0 1.43 270) (layer B.SilkS)
      (effects (font (size 1 1) (thickness 0.15)) (justify mirror))
    )
    (fp_text value 0.047uF (at 0 -1.43 270) (layer B.Fab)
      (effects (font (size 1 1) (thickness 0.15)) (justify mirror))
    )
    (fp_line (start -0.8 -0.4) (end -0.8 0.4) (layer B.Fab) (width 0.1))
    (fp_line (start -0.8 0.4) (end 0.8 0.4) (layer B.Fab) (width 0.1))
    (fp_line (start 0.8 0.4) (end 0.8 -0.4) (layer B.Fab) (width 0.1))
    (fp_line (start 0.8 -0.4) (end -0.8 -0.4) (layer B.Fab) (width 0.1))
    (fp_line (start -0.171267 0.51) (end 0.171267 0.51) (layer B.SilkS) (width 0.12))
    (fp_line (start -0.171267 -0.51) (end 0.171267 -0.51) (layer B.SilkS) (width 0.12))
    (fp_line (start -1.65 -0.73) (end -1.65 0.73) (layer B.CrtYd) (width 0.05))
    (fp_line (start -1.65 0.73) (end 1.65 0.73) (layer B.CrtYd) (width 0.05))
    (fp_line (start 1.65 0.73) (end 1.65 -0.73) (layer B.CrtYd) (width 0.05))
    (fp_line (start 1.65 -0.73) (end -1.65 -0.73) (layer B.CrtYd) (width 0.05))
    (fp_text user %R (at 0 0 270) (layer B.Fab)
      (effects (font (size 0.4 0.4) (thickness 0.06)) (justify mirror))
    )
    (pad 2 smd roundrect (at 0.875 0 270) (size 1.05 0.95) (layers B.Cu B.Paste B.Mask) (roundrect_rratio 0.25)
      (net 2 VOUT-))
    (pad 1 smd roundrect (at -0.875 0 270) (size 1.05 0.95) (layers B.Cu B.Paste B.Mask) (roundrect_rratio 0.25)
      (net 4 /Ethernet/VPORTP))
    (model ${KISYS3DMOD}/Capacitor_SMD.3dshapes/C_0603_1608Metric.wrl
      (at (xyz 0 0 0))
      (scale (xyz 1 1 1))
      (rotate (xyz 0 0 0))
    )
  )

  (module Capacitor_SMD:C_0603_1608Metric_Pad1.05x0.95mm_HandSolder (layer B.Cu) (tedit 5B301BBE) (tstamp 62224F43)
    (at 48.514 27.94 270)
    (descr "Capacitor SMD 0603 (1608 Metric), square (rectangular) end terminal, IPC_7351 nominal with elongated pad for handsoldering. (Body size source: http://www.tortai-tech.com/upload/download/2011102023233369053.pdf), generated with kicad-footprint-generator")
    (tags "capacitor handsolder")
    (path /620ECB3C/62173C82)
    (attr smd)
    (fp_text reference C1 (at 0.127 -1.524 90) (layer B.SilkS)
      (effects (font (size 1 1) (thickness 0.15)) (justify mirror))
    )
    (fp_text value 0.047uF (at 0 -1.43 90) (layer B.Fab)
      (effects (font (size 1 1) (thickness 0.15)) (justify mirror))
    )
    (fp_line (start 1.65 -0.73) (end -1.65 -0.73) (layer B.CrtYd) (width 0.05))
    (fp_line (start 1.65 0.73) (end 1.65 -0.73) (layer B.CrtYd) (width 0.05))
    (fp_line (start -1.65 0.73) (end 1.65 0.73) (layer B.CrtYd) (width 0.05))
    (fp_line (start -1.65 -0.73) (end -1.65 0.73) (layer B.CrtYd) (width 0.05))
    (fp_line (start -0.171267 -0.51) (end 0.171267 -0.51) (layer B.SilkS) (width 0.12))
    (fp_line (start -0.171267 0.51) (end 0.171267 0.51) (layer B.SilkS) (width 0.12))
    (fp_line (start 0.8 -0.4) (end -0.8 -0.4) (layer B.Fab) (width 0.1))
    (fp_line (start 0.8 0.4) (end 0.8 -0.4) (layer B.Fab) (width 0.1))
    (fp_line (start -0.8 0.4) (end 0.8 0.4) (layer B.Fab) (width 0.1))
    (fp_line (start -0.8 -0.4) (end -0.8 0.4) (layer B.Fab) (width 0.1))
    (fp_text user %R (at 0 0 90) (layer B.Fab)
      (effects (font (size 0.4 0.4) (thickness 0.06)) (justify mirror))
    )
    (pad 1 smd roundrect (at -0.875 0 270) (size 1.05 0.95) (layers B.Cu B.Paste B.Mask) (roundrect_rratio 0.25)
      (net 1 "Net-(C1-Pad1)"))
    (pad 2 smd roundrect (at 0.875 0 270) (size 1.05 0.95) (layers B.Cu B.Paste B.Mask) (roundrect_rratio 0.25)
      (net 2 VOUT-))
    (model ${KISYS3DMOD}/Capacitor_SMD.3dshapes/C_0603_1608Metric.wrl
      (at (xyz 0 0 0))
      (scale (xyz 1 1 1))
      (rotate (xyz 0 0 0))
    )
  )

  (module Capacitor_SMD:C_0805_2012Metric_Pad1.15x1.40mm_HandSolder (layer B.Cu) (tedit 5B36C52B) (tstamp 62224F13)
    (at 43.316 25.908)
    (descr "Capacitor SMD 0805 (2012 Metric), square (rectangular) end terminal, IPC_7351 nominal with elongated pad for handsoldering. (Body size source: https://docs.google.com/spreadsheets/d/1BsfQQcO9C6DZCsRaXUlFlo91Tg2WpOkGARC1WS5S8t0/edit?usp=sharing), generated with kicad-footprint-generator")
    (tags "capacitor handsolder")
    (path /620ECB3C/6228CE62)
    (attr smd)
    (fp_text reference C3 (at -2.803 -0.762) (layer B.SilkS)
      (effects (font (size 1 1) (thickness 0.15)) (justify mirror))
    )
    (fp_text value 47nF (at 0 -1.65) (layer B.Fab)
      (effects (font (size 1 1) (thickness 0.15)) (justify mirror))
    )
    (fp_line (start -1 -0.6) (end -1 0.6) (layer B.Fab) (width 0.1))
    (fp_line (start -1 0.6) (end 1 0.6) (layer B.Fab) (width 0.1))
    (fp_line (start 1 0.6) (end 1 -0.6) (layer B.Fab) (width 0.1))
    (fp_line (start 1 -0.6) (end -1 -0.6) (layer B.Fab) (width 0.1))
    (fp_line (start -0.261252 0.71) (end 0.261252 0.71) (layer B.SilkS) (width 0.12))
    (fp_line (start -0.261252 -0.71) (end 0.261252 -0.71) (layer B.SilkS) (width 0.12))
    (fp_line (start -1.85 -0.95) (end -1.85 0.95) (layer B.CrtYd) (width 0.05))
    (fp_line (start -1.85 0.95) (end 1.85 0.95) (layer B.CrtYd) (width 0.05))
    (fp_line (start 1.85 0.95) (end 1.85 -0.95) (layer B.CrtYd) (width 0.05))
    (fp_line (start 1.85 -0.95) (end -1.85 -0.95) (layer B.CrtYd) (width 0.05))
    (fp_text user %R (at 0 0) (layer B.Fab)
      (effects (font (size 0.5 0.5) (thickness 0.08)) (justify mirror))
    )
    (pad 2 smd roundrect (at 1.025 0) (size 1.15 1.4) (layers B.Cu B.Paste B.Mask) (roundrect_rratio 0.217391)
      (net 2 VOUT-))
    (pad 1 smd roundrect (at -1.025 0) (size 1.15 1.4) (layers B.Cu B.Paste B.Mask) (roundrect_rratio 0.217391)
      (net 3 "Net-(C3-Pad1)"))
    (model ${KISYS3DMOD}/Capacitor_SMD.3dshapes/C_0805_2012Metric.wrl
      (at (xyz 0 0 0))
      (scale (xyz 1 1 1))
      (rotate (xyz 0 0 0))
    )
  )

  (module Capacitor_SMD:C_0805_2012Metric_Pad1.15x1.40mm_HandSolder (layer B.Cu) (tedit 5B36C52B) (tstamp 62261BAC)
    (at 69.700116 56.334967 90)
    (descr "Capacitor SMD 0805 (2012 Metric), square (rectangular) end terminal, IPC_7351 nominal with elongated pad for handsoldering. (Body size source: https://docs.google.com/spreadsheets/d/1BsfQQcO9C6DZCsRaXUlFlo91Tg2WpOkGARC1WS5S8t0/edit?usp=sharing), generated with kicad-footprint-generator")
    (tags "capacitor handsolder")
    (path /62172784)
    (attr smd)
    (fp_text reference C7 (at 0 1.65 270) (layer B.SilkS)
      (effects (font (size 1 1) (thickness 0.15)) (justify mirror))
    )
    (fp_text value 0.1uF (at 0 -1.65 270) (layer B.Fab)
      (effects (font (size 1 1) (thickness 0.15)) (justify mirror))
    )
    (fp_line (start -1 -0.6) (end -1 0.6) (layer B.Fab) (width 0.1))
    (fp_line (start -1 0.6) (end 1 0.6) (layer B.Fab) (width 0.1))
    (fp_line (start 1 0.6) (end 1 -0.6) (layer B.Fab) (width 0.1))
    (fp_line (start 1 -0.6) (end -1 -0.6) (layer B.Fab) (width 0.1))
    (fp_line (start -0.261252 0.71) (end 0.261252 0.71) (layer B.SilkS) (width 0.12))
    (fp_line (start -0.261252 -0.71) (end 0.261252 -0.71) (layer B.SilkS) (width 0.12))
    (fp_line (start -1.85 -0.95) (end -1.85 0.95) (layer B.CrtYd) (width 0.05))
    (fp_line (start -1.85 0.95) (end 1.85 0.95) (layer B.CrtYd) (width 0.05))
    (fp_line (start 1.85 0.95) (end 1.85 -0.95) (layer B.CrtYd) (width 0.05))
    (fp_line (start 1.85 -0.95) (end -1.85 -0.95) (layer B.CrtYd) (width 0.05))
    (fp_text user %R (at 0 0 270) (layer B.Fab)
      (effects (font (size 0.5 0.5) (thickness 0.08)) (justify mirror))
    )
    (pad 2 smd roundrect (at 1.025 0 90) (size 1.15 1.4) (layers B.Cu B.Paste B.Mask) (roundrect_rratio 0.217391)
      (net 174 GND))
    (pad 1 smd roundrect (at -1.025 0 90) (size 1.15 1.4) (layers B.Cu B.Paste B.Mask) (roundrect_rratio 0.217391)
      (net 5 +3V3))
    (model ${KISYS3DMOD}/Capacitor_SMD.3dshapes/C_0805_2012Metric.wrl
      (at (xyz 0 0 0))
      (scale (xyz 1 1 1))
      (rotate (xyz 0 0 0))
    )
  )

  (module Capacitor_SMD:C_0805_2012Metric_Pad1.15x1.40mm_HandSolder (layer B.Cu) (tedit 5B36C52B) (tstamp 621E519A)
    (at 80.137 72.771 270)
    (descr "Capacitor SMD 0805 (2012 Metric), square (rectangular) end terminal, IPC_7351 nominal with elongated pad for handsoldering. (Body size source: https://docs.google.com/spreadsheets/d/1BsfQQcO9C6DZCsRaXUlFlo91Tg2WpOkGARC1WS5S8t0/edit?usp=sharing), generated with kicad-footprint-generator")
    (tags "capacitor handsolder")
    (path /6293177D/6219FF35)
    (attr smd)
    (fp_text reference C14 (at 0 1.65 270) (layer B.SilkS)
      (effects (font (size 1 1) (thickness 0.15)) (justify mirror))
    )
    (fp_text value 0.1uF (at 0 -1.65 270) (layer B.Fab)
      (effects (font (size 1 1) (thickness 0.15)) (justify mirror))
    )
    (fp_line (start -1 -0.6) (end -1 0.6) (layer B.Fab) (width 0.1))
    (fp_line (start -1 0.6) (end 1 0.6) (layer B.Fab) (width 0.1))
    (fp_line (start 1 0.6) (end 1 -0.6) (layer B.Fab) (width 0.1))
    (fp_line (start 1 -0.6) (end -1 -0.6) (layer B.Fab) (width 0.1))
    (fp_line (start -0.261252 0.71) (end 0.261252 0.71) (layer B.SilkS) (width 0.12))
    (fp_line (start -0.261252 -0.71) (end 0.261252 -0.71) (layer B.SilkS) (width 0.12))
    (fp_line (start -1.85 -0.95) (end -1.85 0.95) (layer B.CrtYd) (width 0.05))
    (fp_line (start -1.85 0.95) (end 1.85 0.95) (layer B.CrtYd) (width 0.05))
    (fp_line (start 1.85 0.95) (end 1.85 -0.95) (layer B.CrtYd) (width 0.05))
    (fp_line (start 1.85 -0.95) (end -1.85 -0.95) (layer B.CrtYd) (width 0.05))
    (fp_text user %R (at 0 0 270) (layer B.Fab)
      (effects (font (size 0.5 0.5) (thickness 0.08)) (justify mirror))
    )
    (pad 2 smd roundrect (at 1.025 0 270) (size 1.15 1.4) (layers B.Cu B.Paste B.Mask) (roundrect_rratio 0.217391)
      (net 174 GND))
    (pad 1 smd roundrect (at -1.025 0 270) (size 1.15 1.4) (layers B.Cu B.Paste B.Mask) (roundrect_rratio 0.217391)
      (net 5 +3V3))
    (model ${KISYS3DMOD}/Capacitor_SMD.3dshapes/C_0805_2012Metric.wrl
      (at (xyz 0 0 0))
      (scale (xyz 1 1 1))
      (rotate (xyz 0 0 0))
    )
  )

  (module Capacitor_SMD:C_0805_2012Metric_Pad1.15x1.40mm_HandSolder (layer B.Cu) (tedit 5B36C52B) (tstamp 621E51AB)
    (at 31.115 69.85 180)
    (descr "Capacitor SMD 0805 (2012 Metric), square (rectangular) end terminal, IPC_7351 nominal with elongated pad for handsoldering. (Body size source: https://docs.google.com/spreadsheets/d/1BsfQQcO9C6DZCsRaXUlFlo91Tg2WpOkGARC1WS5S8t0/edit?usp=sharing), generated with kicad-footprint-generator")
    (tags "capacitor handsolder")
    (path /6293177D/6218906C)
    (attr smd)
    (fp_text reference C17 (at 0 1.65) (layer B.SilkS)
      (effects (font (size 1 1) (thickness 0.15)) (justify mirror))
    )
    (fp_text value 0.1uF (at 0 -1.65) (layer B.Fab)
      (effects (font (size 1 1) (thickness 0.15)) (justify mirror))
    )
    (fp_line (start 1.85 -0.95) (end -1.85 -0.95) (layer B.CrtYd) (width 0.05))
    (fp_line (start 1.85 0.95) (end 1.85 -0.95) (layer B.CrtYd) (width 0.05))
    (fp_line (start -1.85 0.95) (end 1.85 0.95) (layer B.CrtYd) (width 0.05))
    (fp_line (start -1.85 -0.95) (end -1.85 0.95) (layer B.CrtYd) (width 0.05))
    (fp_line (start -0.261252 -0.71) (end 0.261252 -0.71) (layer B.SilkS) (width 0.12))
    (fp_line (start -0.261252 0.71) (end 0.261252 0.71) (layer B.SilkS) (width 0.12))
    (fp_line (start 1 -0.6) (end -1 -0.6) (layer B.Fab) (width 0.1))
    (fp_line (start 1 0.6) (end 1 -0.6) (layer B.Fab) (width 0.1))
    (fp_line (start -1 0.6) (end 1 0.6) (layer B.Fab) (width 0.1))
    (fp_line (start -1 -0.6) (end -1 0.6) (layer B.Fab) (width 0.1))
    (fp_text user %R (at 0 0) (layer B.Fab)
      (effects (font (size 0.5 0.5) (thickness 0.08)) (justify mirror))
    )
    (pad 1 smd roundrect (at -1.025 0 180) (size 1.15 1.4) (layers B.Cu B.Paste B.Mask) (roundrect_rratio 0.217391)
      (net 5 +3V3))
    (pad 2 smd roundrect (at 1.025 0 180) (size 1.15 1.4) (layers B.Cu B.Paste B.Mask) (roundrect_rratio 0.217391)
      (net 174 GND))
    (model ${KISYS3DMOD}/Capacitor_SMD.3dshapes/C_0805_2012Metric.wrl
      (at (xyz 0 0 0))
      (scale (xyz 1 1 1))
      (rotate (xyz 0 0 0))
    )
  )

  (module Capacitor_SMD:C_0805_2012Metric_Pad1.15x1.40mm_HandSolder (layer B.Cu) (tedit 5B36C52B) (tstamp 62255233)
    (at 73.279 29.845)
    (descr "Capacitor SMD 0805 (2012 Metric), square (rectangular) end terminal, IPC_7351 nominal with elongated pad for handsoldering. (Body size source: https://docs.google.com/spreadsheets/d/1BsfQQcO9C6DZCsRaXUlFlo91Tg2WpOkGARC1WS5S8t0/edit?usp=sharing), generated with kicad-footprint-generator")
    (tags "capacitor handsolder")
    (path /620ECB3C/63ACE574)
    (attr smd)
    (fp_text reference C26 (at 0 1.65) (layer B.SilkS)
      (effects (font (size 1 1) (thickness 0.15)) (justify mirror))
    )
    (fp_text value 0.1uF (at 0 -1.65) (layer B.Fab)
      (effects (font (size 1 1) (thickness 0.15)) (justify mirror))
    )
    (fp_line (start 1.85 -0.95) (end -1.85 -0.95) (layer B.CrtYd) (width 0.05))
    (fp_line (start 1.85 0.95) (end 1.85 -0.95) (layer B.CrtYd) (width 0.05))
    (fp_line (start -1.85 0.95) (end 1.85 0.95) (layer B.CrtYd) (width 0.05))
    (fp_line (start -1.85 -0.95) (end -1.85 0.95) (layer B.CrtYd) (width 0.05))
    (fp_line (start -0.261252 -0.71) (end 0.261252 -0.71) (layer B.SilkS) (width 0.12))
    (fp_line (start -0.261252 0.71) (end 0.261252 0.71) (layer B.SilkS) (width 0.12))
    (fp_line (start 1 -0.6) (end -1 -0.6) (layer B.Fab) (width 0.1))
    (fp_line (start 1 0.6) (end 1 -0.6) (layer B.Fab) (width 0.1))
    (fp_line (start -1 0.6) (end 1 0.6) (layer B.Fab) (width 0.1))
    (fp_line (start -1 -0.6) (end -1 0.6) (layer B.Fab) (width 0.1))
    (fp_text user %R (at 0 0) (layer B.Fab)
      (effects (font (size 0.5 0.5) (thickness 0.08)) (justify mirror))
    )
    (pad 1 smd roundrect (at -1.025 0) (size 1.15 1.4) (layers B.Cu B.Paste B.Mask) (roundrect_rratio 0.217391)
      (net 6 "Net-(C26-Pad1)"))
    (pad 2 smd roundrect (at 1.025 0) (size 1.15 1.4) (layers B.Cu B.Paste B.Mask) (roundrect_rratio 0.217391)
      (net 174 GND))
    (model ${KISYS3DMOD}/Capacitor_SMD.3dshapes/C_0805_2012Metric.wrl
      (at (xyz 0 0 0))
      (scale (xyz 1 1 1))
      (rotate (xyz 0 0 0))
    )
  )

  (module Capacitor_SMD:C_0805_2012Metric_Pad1.15x1.40mm_HandSolder (layer B.Cu) (tedit 5B36C52B) (tstamp 621E51CD)
    (at 78.486 29.083 90)
    (descr "Capacitor SMD 0805 (2012 Metric), square (rectangular) end terminal, IPC_7351 nominal with elongated pad for handsoldering. (Body size source: https://docs.google.com/spreadsheets/d/1BsfQQcO9C6DZCsRaXUlFlo91Tg2WpOkGARC1WS5S8t0/edit?usp=sharing), generated with kicad-footprint-generator")
    (tags "capacitor handsolder")
    (path /620ECB3C/63ACE581)
    (attr smd)
    (fp_text reference C27 (at 0 -1.524 90) (layer B.SilkS)
      (effects (font (size 1 1) (thickness 0.15)) (justify mirror))
    )
    (fp_text value 0.1uF (at 0 -1.65 90) (layer B.Fab)
      (effects (font (size 1 1) (thickness 0.15)) (justify mirror))
    )
    (fp_line (start -1 -0.6) (end -1 0.6) (layer B.Fab) (width 0.1))
    (fp_line (start -1 0.6) (end 1 0.6) (layer B.Fab) (width 0.1))
    (fp_line (start 1 0.6) (end 1 -0.6) (layer B.Fab) (width 0.1))
    (fp_line (start 1 -0.6) (end -1 -0.6) (layer B.Fab) (width 0.1))
    (fp_line (start -0.261252 0.71) (end 0.261252 0.71) (layer B.SilkS) (width 0.12))
    (fp_line (start -0.261252 -0.71) (end 0.261252 -0.71) (layer B.SilkS) (width 0.12))
    (fp_line (start -1.85 -0.95) (end -1.85 0.95) (layer B.CrtYd) (width 0.05))
    (fp_line (start -1.85 0.95) (end 1.85 0.95) (layer B.CrtYd) (width 0.05))
    (fp_line (start 1.85 0.95) (end 1.85 -0.95) (layer B.CrtYd) (width 0.05))
    (fp_line (start 1.85 -0.95) (end -1.85 -0.95) (layer B.CrtYd) (width 0.05))
    (fp_text user %R (at 0 0 90) (layer B.Fab)
      (effects (font (size 0.5 0.5) (thickness 0.08)) (justify mirror))
    )
    (pad 2 smd roundrect (at 1.025 0 90) (size 1.15 1.4) (layers B.Cu B.Paste B.Mask) (roundrect_rratio 0.217391)
      (net 174 GND))
    (pad 1 smd roundrect (at -1.025 0 90) (size 1.15 1.4) (layers B.Cu B.Paste B.Mask) (roundrect_rratio 0.217391)
      (net 6 "Net-(C26-Pad1)"))
    (model ${KISYS3DMOD}/Capacitor_SMD.3dshapes/C_0805_2012Metric.wrl
      (at (xyz 0 0 0))
      (scale (xyz 1 1 1))
      (rotate (xyz 0 0 0))
    )
  )

  (module Capacitor_SMD:C_0805_2012Metric_Pad1.15x1.40mm_HandSolder (layer B.Cu) (tedit 5B36C52B) (tstamp 621E51DE)
    (at 70.866 26.797 270)
    (descr "Capacitor SMD 0805 (2012 Metric), square (rectangular) end terminal, IPC_7351 nominal with elongated pad for handsoldering. (Body size source: https://docs.google.com/spreadsheets/d/1BsfQQcO9C6DZCsRaXUlFlo91Tg2WpOkGARC1WS5S8t0/edit?usp=sharing), generated with kicad-footprint-generator")
    (tags "capacitor handsolder")
    (path /620ECB3C/63ACE587)
    (attr smd)
    (fp_text reference C28 (at -0.127 -1.651 90) (layer B.SilkS)
      (effects (font (size 1 1) (thickness 0.15)) (justify mirror))
    )
    (fp_text value 0.1uF (at 0 -1.65 90) (layer B.Fab)
      (effects (font (size 1 1) (thickness 0.15)) (justify mirror))
    )
    (fp_line (start 1.85 -0.95) (end -1.85 -0.95) (layer B.CrtYd) (width 0.05))
    (fp_line (start 1.85 0.95) (end 1.85 -0.95) (layer B.CrtYd) (width 0.05))
    (fp_line (start -1.85 0.95) (end 1.85 0.95) (layer B.CrtYd) (width 0.05))
    (fp_line (start -1.85 -0.95) (end -1.85 0.95) (layer B.CrtYd) (width 0.05))
    (fp_line (start -0.261252 -0.71) (end 0.261252 -0.71) (layer B.SilkS) (width 0.12))
    (fp_line (start -0.261252 0.71) (end 0.261252 0.71) (layer B.SilkS) (width 0.12))
    (fp_line (start 1 -0.6) (end -1 -0.6) (layer B.Fab) (width 0.1))
    (fp_line (start 1 0.6) (end 1 -0.6) (layer B.Fab) (width 0.1))
    (fp_line (start -1 0.6) (end 1 0.6) (layer B.Fab) (width 0.1))
    (fp_line (start -1 -0.6) (end -1 0.6) (layer B.Fab) (width 0.1))
    (fp_text user %R (at 0 0 90) (layer B.Fab)
      (effects (font (size 0.5 0.5) (thickness 0.08)) (justify mirror))
    )
    (pad 1 smd roundrect (at -1.025 0 270) (size 1.15 1.4) (layers B.Cu B.Paste B.Mask) (roundrect_rratio 0.217391)
      (net 6 "Net-(C26-Pad1)"))
