(kicad_pcb (version 20171130) (host pcbnew "(5.1.12)-1")

  (general
    (thickness 1.6)
    (drawings 4)
    (tracks 423)
    (zones 0)
    (modules 127)
    (nets 196)
  )

  (page A4)
  (layers
    (0 F.Cu signal)
    (31 B.Cu signal)
    (32 B.Adhes user)
    (33 F.Adhes user)
    (34 B.Paste user)
    (35 F.Paste user)
    (36 B.SilkS user)
    (37 F.SilkS user)
    (38 B.Mask user)
    (39 F.Mask user)
    (40 Dwgs.User user)
    (41 Cmts.User user)
    (42 Eco1.User user)
    (43 Eco2.User user)
    (44 Edge.Cuts user)
    (45 Margin user)
    (46 B.CrtYd user)
    (47 F.CrtYd user)
    (48 B.Fab user hide)
    (49 F.Fab user hide)
  )

  (setup
    (last_trace_width 1.27)
    (user_trace_width 0.2032)
    (user_trace_width 0.254)
    (user_trace_width 0.508)
    (user_trace_width 0.762)
    (user_trace_width 1.016)
    (user_trace_width 1.27)
    (user_trace_width 1.524)
    (trace_clearance 0.2)
    (zone_clearance 0.254)
    (zone_45_only no)
    (trace_min 0.2)
    (via_size 0.8)
    (via_drill 0.4)
    (via_min_size 0.4)
    (via_min_drill 0.3)
    (user_via 0.7 0.3)
    (uvia_size 0.3)
    (uvia_drill 0.1)
    (uvias_allowed no)
    (uvia_min_size 0.2)
    (uvia_min_drill 0.1)
    (edge_width 0.05)
    (segment_width 0.2)
    (pcb_text_width 0.3)
    (pcb_text_size 1.5 1.5)
    (mod_edge_width 0.12)
    (mod_text_size 1 1)
    (mod_text_width 0.15)
    (pad_size 3.200001 3.200001)
    (pad_drill 3.200001)
    (pad_to_mask_clearance 0)
    (aux_axis_origin 0 0)
    (grid_origin 35.687 23.622)
    (visible_elements 7FFFFFFF)
    (pcbplotparams
      (layerselection 0x010fc_ffffffff)
      (usegerberextensions false)
      (usegerberattributes true)
      (usegerberadvancedattributes true)
      (creategerberjobfile true)
      (excludeedgelayer true)
      (linewidth 0.100000)
      (plotframeref false)
      (viasonmask false)
      (mode 1)
      (useauxorigin false)
      (hpglpennumber 1)
      (hpglpenspeed 20)
      (hpglpendiameter 15.000000)
      (psnegative false)
      (psa4output false)
      (plotreference true)
      (plotvalue true)
      (plotinvisibletext false)
      (padsonsilk false)
      (subtractmaskfromsilk false)
      (outputformat 1)
      (mirror false)
      (drillshape 1)
      (scaleselection 1)
      (outputdirectory ""))
  )

  (net 0 "")
  (net 1 "Net-(C1-Pad1)")
  (net 2 VOUT-)
  (net 3 "Net-(C3-Pad1)")
  (net 4 /Ethernet/VPORTP)
  (net 5 +3V3)
  (net 6 "Net-(C26-Pad1)")
  (net 7 GNDPWR)
  (net 8 "Net-(CG1-Pad1)")
  (net 9 "Net-(CG2-Pad1)")
  (net 10 "Net-(CT1-Pad1)")
  (net 11 "Net-(CT2-Pad1)")
  (net 12 "Net-(CT3-Pad1)")
  (net 13 "Net-(CT4-Pad1)")
  (net 14 VOUT+)
  (net 15 "Net-(D1-Pad2)")
  (net 16 "Net-(D3-Pad2)")
  (net 17 "Net-(D4-Pad2)")
  (net 18 "Net-(D4-Pad1)")
  (net 19 "Net-(D5-Pad1)")
  (net 20 "Net-(D5-Pad2)")
  (net 21 "Net-(J2-Pad1)")
  (net 22 "Net-(J2-Pad2)")
  (net 23 "Net-(J2-Pad3)")
  (net 24 "Net-(J2-Pad4)")
  (net 25 "Net-(JP1-Pad1)")
  (net 26 /Ethernet/RCLASS)
  (net 27 "Net-(JP3-Pad1)")
  (net 28 /Ethernet/RCLASS++)
  (net 29 "Net-(JP4-Pad2)")
  (net 30 /Ethernet/LED_LINK)
  (net 31 "Net-(J1-Pad11)")
  (net 32 "Net-(J1-Pad9)")
  (net 33 /Ethernet/LED_ACT)
  (net 34 "Net-(R10-Pad1)")
  (net 35 "Net-(R11-Pad1)")
  (net 36 "Net-(Q1-Pad4)")
  (net 37 PWRGD)
  (net 38 "Net-(R15-Pad2)")
  (net 39 "Net-(R18-Pad2)")
  (net 40 "Net-(R19-Pad1)")
  (net 41 /Ethernet/POE_CT12)
  (net 42 /Ethernet/POE_CT36)
  (net 43 /Ethernet/POE_CT45)
  (net 44 /Ethernet/POE_CT78)
  (net 45 "Net-(RT5-Pad1)")
  (net 46 "Net-(RT6-Pad1)")
  (net 47 "Net-(RT7-Pad1)")
  (net 48 "Net-(RT8-Pad1)")
  (net 49 NRST)
  (net 50 /Ethernet/RX-)
  (net 51 /Ethernet/RX+)
  (net 52 /Ethernet/TX-)
  (net 53 /Ethernet/TX+)
  (net 54 "Net-(J1-Pad1)")
  (net 55 "Net-(J1-Pad2)")
  (net 56 "Net-(J1-Pad3)")
  (net 57 "Net-(J1-Pad6)")
  (net 58 "Net-(J1-Pad5)")
  (net 59 "Net-(J1-Pad4)")
  (net 60 "Net-(J1-Pad8)")
  (net 61 "Net-(J1-Pad7)")
  (net 62 /Ethernet/TG36)
  (net 63 /Ethernet/TG45)
  (net 64 /Ethernet/TG78)
  (net 65 /Ethernet/BG78)
  (net 66 /Ethernet/BG45)
  (net 67 /Ethernet/BG36)
  (net 68 /Ethernet/BG12)
  (net 69 /Ethernet/TG12)
  (net 70 "Net-(U3-Pad1)")
  (net 71 "Net-(U3-Pad2)")
  (net 72 "Net-(U3-Pad3)")
  (net 73 "Net-(U3-Pad4)")
  (net 74 "Net-(U3-Pad5)")
  (net 75 "Net-(U3-Pad7)")
  (net 76 "Net-(U3-Pad8)")
  (net 77 "Net-(U3-Pad9)")
  (net 78 "Net-(C12-Pad1)")
  (net 79 "Net-(R3-Pad1)")
  (net 80 "Net-(U3-Pad15)")
  (net 81 MDC)
  (net 82 SPI2_MISO)
  (net 83 SPI2_MOSI)
  (net 84 "Net-(U3-Pad21)")
  (net 85 "Net-(U3-Pad23)")
  (net 86 "Net-(U3-Pad24)")
  (net 87 MDIO)
  (net 88 "Net-(U3-Pad26)")
  (net 89 SPI1_CS)
  (net 90 SPI1_SCK)
  (net 91 SPI1_MISO)
  (net 92 CRS_DV)
  (net 93 RXD0)
  (net 94 RXD1)
  (net 95 CLK_429)
  (net 96 CLK_2660)
  (net 97 "Net-(U3-Pad37)")
  (net 98 "Net-(U3-Pad38)")
  (net 99 "Net-(U3-Pad39)")
  (net 100 "Net-(U3-Pad40)")
  (net 101 "Net-(U3-Pad41)")
  (net 102 "Net-(U3-Pad42)")
  (net 103 "Net-(U3-Pad43)")
  (net 104 "Net-(U3-Pad44)")
  (net 105 "Net-(U3-Pad45)")
  (net 106 "Net-(U3-Pad46)")
  (net 107 SPI2_SCK)
  (net 108 TXEN)
  (net 109 "Net-(U3-Pad49)")
  (net 110 TXD0)
  (net 111 TXD1)
  (net 112 "Net-(U3-Pad53)")
  (net 113 "Net-(U3-Pad54)")
  (net 114 "Net-(U3-Pad55)")
  (net 115 "Net-(U3-Pad56)")
  (net 116 "Net-(U3-Pad57)")
  (net 117 "Net-(U3-Pad58)")
  (net 118 "Net-(U3-Pad59)")
  (net 119 "Net-(U3-Pad60)")
  (net 120 "Net-(U3-Pad61)")
  (net 121 "Net-(U3-Pad62)")
  (net 122 "Net-(U3-Pad63)")
  (net 123 "Net-(U3-Pad64)")
  (net 124 "Net-(U3-Pad65)")
  (net 125 "Net-(U3-Pad66)")
  (net 126 "Net-(U3-Pad67)")
  (net 127 "Net-(U3-Pad68)")
  (net 128 "Net-(U3-Pad69)")
  (net 129 "Net-(U3-Pad70)")
  (net 130 "Net-(U3-Pad71)")
  (net 131 "Net-(U3-Pad73)")
  (net 132 "Net-(U3-Pad77)")
  (net 133 "Net-(U3-Pad78)")
  (net 134 "Net-(U3-Pad79)")
  (net 135 "Net-(U3-Pad80)")
  (net 136 "Net-(U3-Pad83)")
  (net 137 "Net-(U3-Pad84)")
  (net 138 "Net-(U3-Pad85)")
  (net 139 "Net-(U3-Pad86)")
  (net 140 "Net-(U3-Pad87)")
  (net 141 "Net-(U3-Pad88)")
  (net 142 "Net-(U3-Pad89)")
  (net 143 "Net-(U3-Pad90)")
  (net 144 SPI1_MOSI)
  (net 145 "Net-(U3-Pad92)")
  (net 146 "Net-(U3-Pad93)")
  (net 147 "Net-(U3-Pad95)")
  (net 148 SPI2_CS)
  (net 149 "Net-(U3-Pad97)")
  (net 150 "Net-(U3-Pad98)")
  (net 151 +12V)
  (net 152 "Net-(U14-Pad1)")
  (net 153 "Net-(U14-Pad5)")
  (net 154 "Net-(U14-Pad6)")
  (net 155 "Net-(U14-Pad7)")
  (net 156 "Net-(R30-Pad1)")
  (net 157 "Net-(R31-Pad1)")
  (net 158 "Net-(R32-Pad1)")
  (net 159 "Net-(U14-Pad25)")
  (net 160 "Net-(U14-Pad27)")
  (net 161 "Net-(U14-Pad33)")
  (net 162 "Net-(U14-Pad34)")
  (net 163 "Net-(U14-Pad38)")
  (net 164 "Net-(R35-Pad1)")
  (net 165 "Net-(U14-Pad41)")
  (net 166 "Net-(U14-Pad42)")
  (net 167 "Net-(U14-Pad45)")
  (net 168 "Net-(U14-Pad46)")
  (net 169 "Net-(J3-Pad3)")
  (net 170 "Net-(R25-Pad2)")
  (net 171 "Net-(J3-Pad4)")
  (net 172 /Motor_Control/STEP)
  (net 173 /Motor_Control/DIR)
  (net 174 "Net-(U15-Pad12)")
  (net 175 "Net-(U15-Pad16)")
  (net 176 "Net-(U16-Pad1)")
  (net 177 "Net-(R26-Pad1)")
  (net 178 "Net-(C15-Pad1)")
  (net 179 "Net-(C23-Pad2)")
  (net 180 "Net-(U16-Pad20)")
  (net 181 "Net-(C16-Pad1)")
  (net 182 "Net-(R28-Pad1)")
  (net 183 "Net-(U16-Pad33)")
  (net 184 "Net-(U16-Pad34)")
  (net 185 "Net-(C18-Pad2)")
  (net 186 "Net-(U16-Pad37)")
  (net 187 "Net-(U16-Pad38)")
  (net 188 "Net-(X1-Pad1)")
  (net 189 "Net-(C6-Pad1)")
  (net 190 "Net-(U5-Pad6)")
  (net 191 GND)
  (net 192 "Net-(JP2-Pad1)")
  (net 193 "Net-(R20-Pad1)")
  (net 194 /SWDIO)
  (net 195 /SWCLK)

  (net_class Default "This is the default net class."
    (clearance 0.2)
    (trace_width 0.25)
    (via_dia 0.8)
    (via_drill 0.4)
    (uvia_dia 0.3)
    (uvia_drill 0.1)
    (add_net +12V)
    (add_net +3V3)
    (add_net /Ethernet/BG12)
    (add_net /Ethernet/BG36)
    (add_net /Ethernet/BG45)
    (add_net /Ethernet/BG78)
    (add_net /Ethernet/LED_ACT)
    (add_net /Ethernet/LED_LINK)
    (add_net /Ethernet/POE_CT12)
    (add_net /Ethernet/POE_CT36)
    (add_net /Ethernet/POE_CT45)
    (add_net /Ethernet/POE_CT78)
    (add_net /Ethernet/RCLASS)
    (add_net /Ethernet/RCLASS++)
    (add_net /Ethernet/RX+)
    (add_net /Ethernet/RX-)
    (add_net /Ethernet/TG12)
    (add_net /Ethernet/TG36)
    (add_net /Ethernet/TG45)
    (add_net /Ethernet/TG78)
    (add_net /Ethernet/TX+)
    (add_net /Ethernet/TX-)
    (add_net /Ethernet/VPORTP)
    (add_net /Motor_Control/DIR)
    (add_net /Motor_Control/STEP)
    (add_net /SWCLK)
    (add_net /SWDIO)
    (add_net CLK_2660)
    (add_net CLK_429)
    (add_net CRS_DV)
    (add_net GND)
    (add_net GNDPWR)
    (add_net MDC)
    (add_net MDIO)
    (add_net NRST)
    (add_net "Net-(C1-Pad1)")
    (add_net "Net-(C12-Pad1)")
    (add_net "Net-(C15-Pad1)")
    (add_net "Net-(C16-Pad1)")
    (add_net "Net-(C18-Pad2)")
    (add_net "Net-(C23-Pad2)")
    (add_net "Net-(C26-Pad1)")
    (add_net "Net-(C3-Pad1)")
    (add_net "Net-(C6-Pad1)")
    (add_net "Net-(CG1-Pad1)")
    (add_net "Net-(CG2-Pad1)")
    (add_net "Net-(CT1-Pad1)")
    (add_net "Net-(CT2-Pad1)")
    (add_net "Net-(CT3-Pad1)")
    (add_net "Net-(CT4-Pad1)")
    (add_net "Net-(D1-Pad2)")
    (add_net "Net-(D3-Pad2)")
    (add_net "Net-(D4-Pad1)")
    (add_net "Net-(D4-Pad2)")
    (add_net "Net-(D5-Pad1)")
    (add_net "Net-(D5-Pad2)")
    (add_net "Net-(J1-Pad1)")
    (add_net "Net-(J1-Pad11)")
    (add_net "Net-(J1-Pad2)")
    (add_net "Net-(J1-Pad3)")
    (add_net "Net-(J1-Pad4)")
    (add_net "Net-(J1-Pad5)")
    (add_net "Net-(J1-Pad6)")
    (add_net "Net-(J1-Pad7)")
    (add_net "Net-(J1-Pad8)")
    (add_net "Net-(J1-Pad9)")
    (add_net "Net-(J2-Pad1)")
    (add_net "Net-(J2-Pad2)")
    (add_net "Net-(J2-Pad3)")
    (add_net "Net-(J2-Pad4)")
    (add_net "Net-(J3-Pad3)")
    (add_net "Net-(J3-Pad4)")
    (add_net "Net-(JP1-Pad1)")
    (add_net "Net-(JP2-Pad1)")
    (add_net "Net-(JP3-Pad1)")
    (add_net "Net-(JP4-Pad2)")
    (add_net "Net-(Q1-Pad4)")
    (add_net "Net-(R10-Pad1)")
    (add_net "Net-(R11-Pad1)")
    (add_net "Net-(R15-Pad2)")
    (add_net "Net-(R18-Pad2)")
    (add_net "Net-(R19-Pad1)")
    (add_net "Net-(R20-Pad1)")
    (add_net "Net-(R25-Pad2)")
    (add_net "Net-(R26-Pad1)")
    (add_net "Net-(R28-Pad1)")
    (add_net "Net-(R3-Pad1)")
    (add_net "Net-(R30-Pad1)")
    (add_net "Net-(R31-Pad1)")
    (add_net "Net-(R32-Pad1)")
    (add_net "Net-(R35-Pad1)")
    (add_net "Net-(RT5-Pad1)")
    (add_net "Net-(RT6-Pad1)")
    (add_net "Net-(RT7-Pad1)")
    (add_net "Net-(RT8-Pad1)")
    (add_net "Net-(U14-Pad1)")
    (add_net "Net-(U14-Pad25)")
    (add_net "Net-(U14-Pad27)")
    (add_net "Net-(U14-Pad33)")
    (add_net "Net-(U14-Pad34)")
    (add_net "Net-(U14-Pad38)")
    (add_net "Net-(U14-Pad41)")
    (add_net "Net-(U14-Pad42)")
    (add_net "Net-(U14-Pad45)")
    (add_net "Net-(U14-Pad46)")
    (add_net "Net-(U14-Pad5)")
    (add_net "Net-(U14-Pad6)")
    (add_net "Net-(U14-Pad7)")
    (add_net "Net-(U15-Pad12)")
    (add_net "Net-(U15-Pad16)")
    (add_net "Net-(U16-Pad1)")
    (add_net "Net-(U16-Pad20)")
    (add_net "Net-(U16-Pad33)")
    (add_net "Net-(U16-Pad34)")
    (add_net "Net-(U16-Pad37)")
    (add_net "Net-(U16-Pad38)")
    (add_net "Net-(U3-Pad1)")
    (add_net "Net-(U3-Pad15)")
    (add_net "Net-(U3-Pad2)")
    (add_net "Net-(U3-Pad21)")
    (add_net "Net-(U3-Pad23)")
    (add_net "Net-(U3-Pad24)")
    (add_net "Net-(U3-Pad26)")
    (add_net "Net-(U3-Pad3)")
    (add_net "Net-(U3-Pad37)")
    (add_net "Net-(U3-Pad38)")
    (add_net "Net-(U3-Pad39)")
    (add_net "Net-(U3-Pad4)")
    (add_net "Net-(U3-Pad40)")
    (add_net "Net-(U3-Pad41)")
    (add_net "Net-(U3-Pad42)")
    (add_net "Net-(U3-Pad43)")
    (add_net "Net-(U3-Pad44)")
    (add_net "Net-(U3-Pad45)")
    (add_net "Net-(U3-Pad46)")
    (add_net "Net-(U3-Pad49)")
    (add_net "Net-(U3-Pad5)")
    (add_net "Net-(U3-Pad53)")
    (add_net "Net-(U3-Pad54)")
    (add_net "Net-(U3-Pad55)")
    (add_net "Net-(U3-Pad56)")
    (add_net "Net-(U3-Pad57)")
    (add_net "Net-(U3-Pad58)")
    (add_net "Net-(U3-Pad59)")
    (add_net "Net-(U3-Pad60)")
    (add_net "Net-(U3-Pad61)")
    (add_net "Net-(U3-Pad62)")
    (add_net "Net-(U3-Pad63)")
    (add_net "Net-(U3-Pad64)")
    (add_net "Net-(U3-Pad65)")
    (add_net "Net-(U3-Pad66)")
    (add_net "Net-(U3-Pad67)")
    (add_net "Net-(U3-Pad68)")
    (add_net "Net-(U3-Pad69)")
    (add_net "Net-(U3-Pad7)")
    (add_net "Net-(U3-Pad70)")
    (add_net "Net-(U3-Pad71)")
    (add_net "Net-(U3-Pad73)")
    (add_net "Net-(U3-Pad77)")
    (add_net "Net-(U3-Pad78)")
    (add_net "Net-(U3-Pad79)")
    (add_net "Net-(U3-Pad8)")
    (add_net "Net-(U3-Pad80)")
    (add_net "Net-(U3-Pad83)")
    (add_net "Net-(U3-Pad84)")
    (add_net "Net-(U3-Pad85)")
    (add_net "Net-(U3-Pad86)")
    (add_net "Net-(U3-Pad87)")
    (add_net "Net-(U3-Pad88)")
    (add_net "Net-(U3-Pad89)")
    (add_net "Net-(U3-Pad9)")
    (add_net "Net-(U3-Pad90)")
    (add_net "Net-(U3-Pad92)")
    (add_net "Net-(U3-Pad93)")
    (add_net "Net-(U3-Pad95)")
    (add_net "Net-(U3-Pad97)")
    (add_net "Net-(U3-Pad98)")
    (add_net "Net-(U5-Pad6)")
    (add_net "Net-(X1-Pad1)")
    (add_net PWRGD)
    (add_net RXD0)
    (add_net RXD1)
    (add_net SPI1_CS)
    (add_net SPI1_MISO)
    (add_net SPI1_MOSI)
    (add_net SPI1_SCK)
    (add_net SPI2_CS)
    (add_net SPI2_MISO)
    (add_net SPI2_MOSI)
    (add_net SPI2_SCK)
    (add_net TXD0)
    (add_net TXD1)
    (add_net TXEN)
    (add_net VOUT+)
    (add_net VOUT-)
  )

  (module MountingHole:MountingHole_3.2mm_M3 (layer F.Cu) (tedit 622273DC) (tstamp 622412F3)
    (at 10.287 16.002)
    (descr "Mounting Hole 3.2mm, no annular, M3")
    (tags "mounting hole 3.2mm no annular m3")
    (attr virtual)
    (fp_text reference REF** (at 0 -4.2) (layer F.SilkS) hide
      (effects (font (size 1 1) (thickness 0.15)))
    )
    (fp_text value MountingHole_3.2mm_M3 (at 0 4.2) (layer F.Fab)
      (effects (font (size 1 1) (thickness 0.15)))
    )
    (fp_circle (center 0 0) (end 3.2 0) (layer Cmts.User) (width 0.15))
    (fp_circle (center 0 0) (end 3.45 0) (layer F.CrtYd) (width 0.05))
    (fp_text user %R (at 0.3 0) (layer F.Fab)
      (effects (font (size 1 1) (thickness 0.15)))
    )
    (pad "" np_thru_hole circle (at 0 0) (size 3.200001 3.200001) (drill 3.200001) (layers *.Cu *.Mask))
  )

  (module MountingHole:MountingHole_3.2mm_M3 (layer F.Cu) (tedit 622273DC) (tstamp 62240C16)
    (at 99.187 16.002)
    (descr "Mounting Hole 3.2mm, no annular, M3")
    (tags "mounting hole 3.2mm no annular m3")
    (attr virtual)
    (fp_text reference REF** (at 0 -4.2) (layer F.SilkS) hide
      (effects (font (size 1 1) (thickness 0.15)))
    )
    (fp_text value MountingHole_3.2mm_M3 (at 0 4.2) (layer F.Fab)
      (effects (font (size 1 1) (thickness 0.15)))
    )
    (fp_text user %R (at 0.3 0) (layer F.Fab)
      (effects (font (size 1 1) (thickness 0.15)))
    )
    (fp_circle (center 0 0) (end 3.2 0) (layer Cmts.User) (width 0.15))
    (fp_circle (center 0 0) (end 3.45 0) (layer F.CrtYd) (width 0.05))
    (pad "" np_thru_hole circle (at 0 0) (size 3.200001 3.200001) (drill 3.200001) (layers *.Cu *.Mask))
  )

  (module Resistor_SMD:R_0603_1608Metric_Pad1.05x0.95mm_HandSolder (layer B.Cu) (tedit 5B301BBD) (tstamp 621E54E4)
    (at 8.128 33.274 180)
    (descr "Resistor SMD 0603 (1608 Metric), square (rectangular) end terminal, IPC_7351 nominal with elongated pad for handsoldering. (Body size source: http://www.tortai-tech.com/upload/download/2011102023233369053.pdf), generated with kicad-footprint-generator")
    (tags "resistor handsolder")
    (path /620ECB3C/6210AA7F)
    (attr smd)
    (fp_text reference RT4 (at -0.254 12.446) (layer B.SilkS)
      (effects (font (size 1 1) (thickness 0.15)) (justify mirror))
    )
    (fp_text value 75 (at 0 -1.43) (layer B.Fab)
      (effects (font (size 1 1) (thickness 0.15)) (justify mirror))
    )
    (fp_line (start -0.8 -0.4) (end -0.8 0.4) (layer B.Fab) (width 0.1))
    (fp_line (start -0.8 0.4) (end 0.8 0.4) (layer B.Fab) (width 0.1))
    (fp_line (start 0.8 0.4) (end 0.8 -0.4) (layer B.Fab) (width 0.1))
    (fp_line (start 0.8 -0.4) (end -0.8 -0.4) (layer B.Fab) (width 0.1))
    (fp_line (start -0.171267 0.51) (end 0.171267 0.51) (layer B.SilkS) (width 0.12))
    (fp_line (start -0.171267 -0.51) (end 0.171267 -0.51) (layer B.SilkS) (width 0.12))
    (fp_line (start -1.65 -0.73) (end -1.65 0.73) (layer B.CrtYd) (width 0.05))
    (fp_line (start -1.65 0.73) (end 1.65 0.73) (layer B.CrtYd) (width 0.05))
    (fp_line (start 1.65 0.73) (end 1.65 -0.73) (layer B.CrtYd) (width 0.05))
    (fp_line (start 1.65 -0.73) (end -1.65 -0.73) (layer B.CrtYd) (width 0.05))
    (fp_text user %R (at 0 0) (layer B.Fab)
      (effects (font (size 0.4 0.4) (thickness 0.06)) (justify mirror))
    )
    (pad 1 smd roundrect (at -0.875 0 180) (size 1.05 0.95) (layers B.Cu B.Paste B.Mask) (roundrect_rratio 0.25)
      (net 44 /Ethernet/POE_CT78))
    (pad 2 smd roundrect (at 0.875 0 180) (size 1.05 0.95) (layers B.Cu B.Paste B.Mask) (roundrect_rratio 0.25)
      (net 13 "Net-(CT4-Pad1)"))
    (model ${KISYS3DMOD}/Resistor_SMD.3dshapes/R_0603_1608Metric.wrl
      (at (xyz 0 0 0))
      (scale (xyz 1 1 1))
      (rotate (xyz 0 0 0))
    )
  )

  (module Capacitor_SMD:C_0603_1608Metric_Pad1.05x0.95mm_HandSolder (layer B.Cu) (tedit 5B301BBE) (tstamp 621EA8CA)
    (at 12.954 30.226 270)
    (descr "Capacitor SMD 0603 (1608 Metric), square (rectangular) end terminal, IPC_7351 nominal with elongated pad for handsoldering. (Body size source: http://www.tortai-tech.com/upload/download/2011102023233369053.pdf), generated with kicad-footprint-generator")
    (tags "capacitor handsolder")
    (path /620ECB3C/620EF4EC)
    (attr smd)
    (fp_text reference C5 (at 0 1.43 270) (layer B.SilkS)
      (effects (font (size 1 1) (thickness 0.15)) (justify mirror))
    )
    (fp_text value 0.047uF (at 0 -1.43 270) (layer B.Fab)
      (effects (font (size 1 1) (thickness 0.15)) (justify mirror))
    )
    (fp_line (start 1.65 -0.73) (end -1.65 -0.73) (layer B.CrtYd) (width 0.05))
    (fp_line (start 1.65 0.73) (end 1.65 -0.73) (layer B.CrtYd) (width 0.05))
    (fp_line (start -1.65 0.73) (end 1.65 0.73) (layer B.CrtYd) (width 0.05))
    (fp_line (start -1.65 -0.73) (end -1.65 0.73) (layer B.CrtYd) (width 0.05))
    (fp_line (start -0.171267 -0.51) (end 0.171267 -0.51) (layer B.SilkS) (width 0.12))
    (fp_line (start -0.171267 0.51) (end 0.171267 0.51) (layer B.SilkS) (width 0.12))
    (fp_line (start 0.8 -0.4) (end -0.8 -0.4) (layer B.Fab) (width 0.1))
    (fp_line (start 0.8 0.4) (end 0.8 -0.4) (layer B.Fab) (width 0.1))
    (fp_line (start -0.8 0.4) (end 0.8 0.4) (layer B.Fab) (width 0.1))
    (fp_line (start -0.8 -0.4) (end -0.8 0.4) (layer B.Fab) (width 0.1))
    (fp_text user %R (at 0 0 270) (layer B.Fab)
      (effects (font (size 0.4 0.4) (thickness 0.06)) (justify mirror))
    )
    (pad 2 smd roundrect (at 0.875 0 270) (size 1.05 0.95) (layers B.Cu B.Paste B.Mask) (roundrect_rratio 0.25)
      (net 2 VOUT-))
    (pad 1 smd roundrect (at -0.875 0 270) (size 1.05 0.95) (layers B.Cu B.Paste B.Mask) (roundrect_rratio 0.25)
      (net 4 /Ethernet/VPORTP))
    (model ${KISYS3DMOD}/Capacitor_SMD.3dshapes/C_0603_1608Metric.wrl
      (at (xyz 0 0 0))
      (scale (xyz 1 1 1))
      (rotate (xyz 0 0 0))
    )
  )

  (module Capacitor_SMD:C_0603_1608Metric_Pad1.05x0.95mm_HandSolder (layer B.Cu) (tedit 5B301BBE) (tstamp 62224F43)
    (at 48.514 27.94 270)
    (descr "Capacitor SMD 0603 (1608 Metric), square (rectangular) end terminal, IPC_7351 nominal with elongated pad for handsoldering. (Body size source: http://www.tortai-tech.com/upload/download/2011102023233369053.pdf), generated with kicad-footprint-generator")
    (tags "capacitor handsolder")
    (path /620ECB3C/62173C82)
    (attr smd)
    (fp_text reference C1 (at 0.127 -1.524 90) (layer B.SilkS)
      (effects (font (size 1 1) (thickness 0.15)) (justify mirror))
    )
    (fp_text value 0.047uF (at 0 -1.43 90) (layer B.Fab)
      (effects (font (size 1 1) (thickness 0.15)) (justify mirror))
    )
    (fp_line (start -0.8 -0.4) (end -0.8 0.4) (layer B.Fab) (width 0.1))
    (fp_line (start -0.8 0.4) (end 0.8 0.4) (layer B.Fab) (width 0.1))
    (fp_line (start 0.8 0.4) (end 0.8 -0.4) (layer B.Fab) (width 0.1))
    (fp_line (start 0.8 -0.4) (end -0.8 -0.4) (layer B.Fab) (width 0.1))
    (fp_line (start -0.171267 0.51) (end 0.171267 0.51) (layer B.SilkS) (width 0.12))
    (fp_line (start -0.171267 -0.51) (end 0.171267 -0.51) (layer B.SilkS) (width 0.12))
    (fp_line (start -1.65 -0.73) (end -1.65 0.73) (layer B.CrtYd) (width 0.05))
    (fp_line (start -1.65 0.73) (end 1.65 0.73) (layer B.CrtYd) (width 0.05))
    (fp_line (start 1.65 0.73) (end 1.65 -0.73) (layer B.CrtYd) (width 0.05))
    (fp_line (start 1.65 -0.73) (end -1.65 -0.73) (layer B.CrtYd) (width 0.05))
    (fp_text user %R (at 0 0 90) (layer B.Fab)
      (effects (font (size 0.4 0.4) (thickness 0.06)) (justify mirror))
    )
    (pad 1 smd roundrect (at -0.875 0 270) (size 1.05 0.95) (layers B.Cu B.Paste B.Mask) (roundrect_rratio 0.25)
      (net 1 "Net-(C1-Pad1)"))
    (pad 2 smd roundrect (at 0.875 0 270) (size 1.05 0.95) (layers B.Cu B.Paste B.Mask) (roundrect_rratio 0.25)
      (net 2 VOUT-))
    (model ${KISYS3DMOD}/Capacitor_SMD.3dshapes/C_0603_1608Metric.wrl
      (at (xyz 0 0 0))
      (scale (xyz 1 1 1))
      (rotate (xyz 0 0 0))
    )
  )

  (module Capacitor_SMD:C_0805_2012Metric_Pad1.15x1.40mm_HandSolder (layer B.Cu) (tedit 5B36C52B) (tstamp 62224F13)
    (at 43.316 25.908)
    (descr "Capacitor SMD 0805 (2012 Metric), square (rectangular) end terminal, IPC_7351 nominal with elongated pad for handsoldering. (Body size source: https://docs.google.com/spreadsheets/d/1BsfQQcO9C6DZCsRaXUlFlo91Tg2WpOkGARC1WS5S8t0/edit?usp=sharing), generated with kicad-footprint-generator")
    (tags "capacitor handsolder")
    (path /620ECB3C/6228CE62)
    (attr smd)
    (fp_text reference C3 (at -2.803 -0.762) (layer B.SilkS)
      (effects (font (size 1 1) (thickness 0.15)) (justify mirror))
    )
    (fp_text value 47nF (at 0 -1.65) (layer B.Fab)
      (effects (font (size 1 1) (thickness 0.15)) (justify mirror))
    )
    (fp_line (start 1.85 -0.95) (end -1.85 -0.95) (layer B.CrtYd) (width 0.05))
    (fp_line (start 1.85 0.95) (end 1.85 -0.95) (layer B.CrtYd) (width 0.05))
    (fp_line (start -1.85 0.95) (end 1.85 0.95) (layer B.CrtYd) (width 0.05))
    (fp_line (start -1.85 -0.95) (end -1.85 0.95) (layer B.CrtYd) (width 0.05))
    (fp_line (start -0.261252 -0.71) (end 0.261252 -0.71) (layer B.SilkS) (width 0.12))
    (fp_line (start -0.261252 0.71) (end 0.261252 0.71) (layer B.SilkS) (width 0.12))
    (fp_line (start 1 -0.6) (end -1 -0.6) (layer B.Fab) (width 0.1))
    (fp_line (start 1 0.6) (end 1 -0.6) (layer B.Fab) (width 0.1))
    (fp_line (start -1 0.6) (end 1 0.6) (layer B.Fab) (width 0.1))
    (fp_line (start -1 -0.6) (end -1 0.6) (layer B.Fab) (width 0.1))
    (fp_text user %R (at 0 0) (layer B.Fab)
      (effects (font (size 0.5 0.5) (thickness 0.08)) (justify mirror))
    )
    (pad 2 smd roundrect (at 1.025 0) (size 1.15 1.4) (layers B.Cu B.Paste B.Mask) (roundrect_rratio 0.217391)
      (net 2 VOUT-))
    (pad 1 smd roundrect (at -1.025 0) (size 1.15 1.4) (layers B.Cu B.Paste B.Mask) (roundrect_rratio 0.217391)
      (net 3 "Net-(C3-Pad1)"))
    (model ${KISYS3DMOD}/Capacitor_SMD.3dshapes/C_0805_2012Metric.wrl
      (at (xyz 0 0 0))
      (scale (xyz 1 1 1))
      (rotate (xyz 0 0 0))
    )
  )

  (module Capacitor_SMD:C_0805_2012Metric_Pad1.15x1.40mm_HandSolder (layer F.Cu) (tedit 5B36C52B) (tstamp 621E5178)
    (at 209.931 -44.704)
    (descr "Capacitor SMD 0805 (2012 Metric), square (rectangular) end terminal, IPC_7351 nominal with elongated pad for handsoldering. (Body size source: https://docs.google.com/spreadsheets/d/1BsfQQcO9C6DZCsRaXUlFlo91Tg2WpOkGARC1WS5S8t0/edit?usp=sharing), generated with kicad-footprint-generator")
    (tags "capacitor handsolder")
    (path /62172784)
    (attr smd)
    (fp_text reference C7 (at 0 -1.65) (layer F.SilkS)
      (effects (font (size 1 1) (thickness 0.15)))
    )
    (fp_text value 0.1uF (at 0 1.65) (layer F.Fab)
      (effects (font (size 1 1) (thickness 0.15)))
    )
    (fp_line (start 1.85 0.95) (end -1.85 0.95) (layer F.CrtYd) (width 0.05))
    (fp_line (start 1.85 -0.95) (end 1.85 0.95) (layer F.CrtYd) (width 0.05))
    (fp_line (start -1.85 -0.95) (end 1.85 -0.95) (layer F.CrtYd) (width 0.05))
    (fp_line (start -1.85 0.95) (end -1.85 -0.95) (layer F.CrtYd) (width 0.05))
    (fp_line (start -0.261252 0.71) (end 0.261252 0.71) (layer F.SilkS) (width 0.12))
    (fp_line (start -0.261252 -0.71) (end 0.261252 -0.71) (layer F.SilkS) (width 0.12))
    (fp_line (start 1 0.6) (end -1 0.6) (layer F.Fab) (width 0.1))
    (fp_line (start 1 -0.6) (end 1 0.6) (layer F.Fab) (width 0.1))
    (fp_line (start -1 -0.6) (end 1 -0.6) (layer F.Fab) (width 0.1))
    (fp_line (start -1 0.6) (end -1 -0.6) (layer F.Fab) (width 0.1))
    (fp_text user %R (at 0 0) (layer F.Fab)
      (effects (font (size 0.5 0.5) (thickness 0.08)))
    )
    (pad 2 smd roundrect (at 1.025 0) (size 1.15 1.4) (layers F.Cu F.Paste F.Mask) (roundrect_rratio 0.217391)
      (net 191 GND))
    (pad 1 smd roundrect (at -1.025 0) (size 1.15 1.4) (layers F.Cu F.Paste F.Mask) (roundrect_rratio 0.217391)
      (net 5 +3V3))
    (model ${KISYS3DMOD}/Capacitor_SMD.3dshapes/C_0805_2012Metric.wrl
      (at (xyz 0 0 0))
      (scale (xyz 1 1 1))
      (rotate (xyz 0 0 0))
    )
  )

  (module Capacitor_SMD:C_0805_2012Metric_Pad1.15x1.40mm_HandSolder (layer F.Cu) (tedit 5B36C52B) (tstamp 621E5189)
    (at 77.851 51.816 180)
    (descr "Capacitor SMD 0805 (2012 Metric), square (rectangular) end terminal, IPC_7351 nominal with elongated pad for handsoldering. (Body size source: https://docs.google.com/spreadsheets/d/1BsfQQcO9C6DZCsRaXUlFlo91Tg2WpOkGARC1WS5S8t0/edit?usp=sharing), generated with kicad-footprint-generator")
    (tags "capacitor handsolder")
    (path /621AEC2B)
    (attr smd)
    (fp_text reference C10 (at 0 1.778) (layer F.SilkS)
      (effects (font (size 1 1) (thickness 0.15)))
    )
    (fp_text value 0.1uF (at 0 1.65) (layer F.Fab)
      (effects (font (size 1 1) (thickness 0.15)))
    )
    (fp_line (start 1.85 0.95) (end -1.85 0.95) (layer F.CrtYd) (width 0.05))
    (fp_line (start 1.85 -0.95) (end 1.85 0.95) (layer F.CrtYd) (width 0.05))
    (fp_line (start -1.85 -0.95) (end 1.85 -0.95) (layer F.CrtYd) (width 0.05))
    (fp_line (start -1.85 0.95) (end -1.85 -0.95) (layer F.CrtYd) (width 0.05))
    (fp_line (start -0.261252 0.71) (end 0.261252 0.71) (layer F.SilkS) (width 0.12))
    (fp_line (start -0.261252 -0.71) (end 0.261252 -0.71) (layer F.SilkS) (width 0.12))
    (fp_line (start 1 0.6) (end -1 0.6) (layer F.Fab) (width 0.1))
    (fp_line (start 1 -0.6) (end 1 0.6) (layer F.Fab) (width 0.1))
    (fp_line (start -1 -0.6) (end 1 -0.6) (layer F.Fab) (width 0.1))
    (fp_line (start -1 0.6) (end -1 -0.6) (layer F.Fab) (width 0.1))
    (fp_text user %R (at 0 0) (layer F.Fab)
      (effects (font (size 0.5 0.5) (thickness 0.08)))
    )
    (pad 2 smd roundrect (at 1.025 0 180) (size 1.15 1.4) (layers F.Cu F.Paste F.Mask) (roundrect_rratio 0.217391)
      (net 191 GND))
    (pad 1 smd roundrect (at -1.025 0 180) (size 1.15 1.4) (layers F.Cu F.Paste F.Mask) (roundrect_rratio 0.217391)
      (net 5 +3V3))
    (model ${KISYS3DMOD}/Capacitor_SMD.3dshapes/C_0805_2012Metric.wrl
      (at (xyz 0 0 0))
      (scale (xyz 1 1 1))
      (rotate (xyz 0 0 0))
    )
  )

  (module Capacitor_SMD:C_0805_2012Metric_Pad1.15x1.40mm_HandSolder (layer F.Cu) (tedit 5B36C52B) (tstamp 621E519A)
    (at 231.775 -42.672)
    (descr "Capacitor SMD 0805 (2012 Metric), square (rectangular) end terminal, IPC_7351 nominal with elongated pad for handsoldering. (Body size source: https://docs.google.com/spreadsheets/d/1BsfQQcO9C6DZCsRaXUlFlo91Tg2WpOkGARC1WS5S8t0/edit?usp=sharing), generated with kicad-footprint-generator")
    (tags "capacitor handsolder")
    (path /6293177D/6219FF35)
    (attr smd)
    (fp_text reference C14 (at 0 -1.65) (layer F.SilkS)
      (effects (font (size 1 1) (thickness 0.15)))
    )
    (fp_text value 0.1uF (at 0 1.65) (layer F.Fab)
      (effects (font (size 1 1) (thickness 0.15)))
    )
    (fp_line (start 1.85 0.95) (end -1.85 0.95) (layer F.CrtYd) (width 0.05))
    (fp_line (start 1.85 -0.95) (end 1.85 0.95) (layer F.CrtYd) (width 0.05))
    (fp_line (start -1.85 -0.95) (end 1.85 -0.95) (layer F.CrtYd) (width 0.05))
    (fp_line (start -1.85 0.95) (end -1.85 -0.95) (layer F.CrtYd) (width 0.05))
    (fp_line (start -0.261252 0.71) (end 0.261252 0.71) (layer F.SilkS) (width 0.12))
    (fp_line (start -0.261252 -0.71) (end 0.261252 -0.71) (layer F.SilkS) (width 0.12))
    (fp_line (start 1 0.6) (end -1 0.6) (layer F.Fab) (width 0.1))
    (fp_line (start 1 -0.6) (end 1 0.6) (layer F.Fab) (width 0.1))
    (fp_line (start -1 -0.6) (end 1 -0.6) (layer F.Fab) (width 0.1))
    (fp_line (start -1 0.6) (end -1 -0.6) (layer F.Fab) (width 0.1))
    (fp_text user %R (at 0 0) (layer F.Fab)
      (effects (font (size 0.5 0.5) (thickness 0.08)))
    )
    (pad 2 smd roundrect (at 1.025 0) (size 1.15 1.4) (layers F.Cu F.Paste F.Mask) (roundrect_rratio 0.217391)
      (net 191 GND))
    (pad 1 smd roundrect (at -1.025 0) (size 1.15 1.4) (layers F.Cu F.Paste F.Mask) (roundrect_rratio 0.217391)
      (net 5 +3V3))
    (model ${KISYS3DMOD}/Capacitor_SMD.3dshapes/C_0805_2012Metric.wrl
      (at (xyz 0 0 0))
      (scale (xyz 1 1 1))
      (rotate (xyz 0 0 0))
    )
  )

  (module Capacitor_SMD:C_0805_2012Metric_Pad1.15x1.40mm_HandSolder (layer F.Cu) (tedit 5B36C52B) (tstamp 621E51AB)
    (at 290.703 87.63)
    (descr "Capacitor SMD 0805 (2012 Metric), square (rectangular) end terminal, IPC_7351 nominal with elongated pad for handsoldering. (Body size source: https://docs.google.com/spreadsheets/d/1BsfQQcO9C6DZCsRaXUlFlo91Tg2WpOkGARC1WS5S8t0/edit?usp=sharing), generated with kicad-footprint-generator")
    (tags "capacitor handsolder")
    (path /6293177D/6218906C)
    (attr smd)
    (fp_text reference C17 (at 0 -1.65) (layer F.SilkS)
      (effects (font (size 1 1) (thickness 0.15)))
    )
    (fp_text value 0.1uF (at 0 1.65) (layer F.Fab)
      (effects (font (size 1 1) (thickness 0.15)))
    )
    (fp_line (start -1 0.6) (end -1 -0.6) (layer F.Fab) (width 0.1))
    (fp_line (start -1 -0.6) (end 1 -0.6) (layer F.Fab) (width 0.1))
    (fp_line (start 1 -0.6) (end 1 0.6) (layer F.Fab) (width 0.1))
    (fp_line (start 1 0.6) (end -1 0.6) (layer F.Fab) (width 0.1))
    (fp_line (start -0.261252 -0.71) (end 0.261252 -0.71) (layer F.SilkS) (width 0.12))
    (fp_line (start -0.261252 0.71) (end 0.261252 0.71) (layer F.SilkS) (width 0.12))
    (fp_line (start -1.85 0.95) (end -1.85 -0.95) (layer F.CrtYd) (width 0.05))
    (fp_line (start -1.85 -0.95) (end 1.85 -0.95) (layer F.CrtYd) (width 0.05))
    (fp_line (start 1.85 -0.95) (end 1.85 0.95) (layer F.CrtYd) (width 0.05))
    (fp_line (start 1.85 0.95) (end -1.85 0.95) (layer F.CrtYd) (width 0.05))
    (fp_text user %R (at 0 0) (layer F.Fab)
      (effects (font (size 0.5 0.5) (thickness 0.08)))
    )
    (pad 1 smd roundrect (at -1.025 0) (size 1.15 1.4) (layers F.Cu F.Paste F.Mask) (roundrect_rratio 0.217391)
      (net 5 +3V3))
    (pad 2 smd roundrect (at 1.025 0) (size 1.15 1.4) (layers F.Cu F.Paste F.Mask) (roundrect_rratio 0.217391)
      (net 191 GND))
    (model ${KISYS3DMOD}/Capacitor_SMD.3dshapes/C_0805_2012Metric.wrl
      (at (xyz 0 0 0))
      (scale (xyz 1 1 1))
      (rotate (xyz 0 0 0))
    )
  )

  (module Capacitor_SMD:C_0805_2012Metric_Pad1.15x1.40mm_HandSolder (layer F.Cu) (tedit 5B36C52B) (tstamp 621E51BC)
    (at 82.423 -13.97)
    (descr "Capacitor SMD 0805 (2012 Metric), square (rectangular) end terminal, IPC_7351 nominal with elongated pad for handsoldering. (Body size source: https://docs.google.com/spreadsheets/d/1BsfQQcO9C6DZCsRaXUlFlo91Tg2WpOkGARC1WS5S8t0/edit?usp=sharing), generated with kicad-footprint-generator")
    (tags "capacitor handsolder")
    (path /620ECB3C/63ACE574)
    (attr smd)
    (fp_text reference C26 (at 0 -1.65) (layer F.SilkS)
      (effects (font (size 1 1) (thickness 0.15)))
    )
    (fp_text value 0.1uF (at 0 1.65) (layer F.Fab)
      (effects (font (size 1 1) (thickness 0.15)))
    )
    (fp_line (start -1 0.6) (end -1 -0.6) (layer F.Fab) (width 0.1))
    (fp_line (start -1 -0.6) (end 1 -0.6) (layer F.Fab) (width 0.1))
    (fp_line (start 1 -0.6) (end 1 0.6) (layer F.Fab) (width 0.1))
    (fp_line (start 1 0.6) (end -1 0.6) (layer F.Fab) (width 0.1))
    (fp_line (start -0.261252 -0.71) (end 0.261252 -0.71) (layer F.SilkS) (width 0.12))
    (fp_line (start -0.261252 0.71) (end 0.261252 0.71) (layer F.SilkS) (width 0.12))
    (fp_line (start -1.85 0.95) (end -1.85 -0.95) (layer F.CrtYd) (width 0.05))
    (fp_line (start -1.85 -0.95) (end 1.85 -0.95) (layer F.CrtYd) (width 0.05))
    (fp_line (start 1.85 -0.95) (end 1.85 0.95) (layer F.CrtYd) (width 0.05))
    (fp_line (start 1.85 0.95) (end -1.85 0.95) (layer F.CrtYd) (width 0.05))
    (fp_text user %R (at 0 0) (layer F.Fab)
      (effects (font (size 0.5 0.5) (thickness 0.08)))
    )
    (pad 1 smd roundrect (at -1.025 0) (size 1.15 1.4) (layers F.Cu F.Paste F.Mask) (roundrect_rratio 0.217391)
      (net 6 "Net-(C26-Pad1)"))
    (pad 2 smd roundrect (at 1.025 0) (size 1.15 1.4) (layers F.Cu F.Paste F.Mask) (roundrect_rratio 0.217391)
      (net 191 GND))
    (model ${KISYS3DMOD}/Capacitor_SMD.3dshapes/C_0805_2012Metric.wrl
      (at (xyz 0 0 0))
      (scale (xyz 1 1 1))
      (rotate (xyz 0 0 0))
    )
  )

  (module Capacitor_SMD:C_0805_2012Metric_Pad1.15x1.40mm_HandSolder (layer F.Cu) (tedit 5B36C52B) (tstamp 621E51CD)
    (at 73.598001 -4.067999)
    (descr "Capacitor SMD 0805 (2012 Metric), square (rectangular) end terminal, IPC_7351 nominal with elongated pad for handsoldering. (Body size source: https://docs.google.com/spreadsheets/d/1BsfQQcO9C6DZCsRaXUlFlo91Tg2WpOkGARC1WS5S8t0/edit?usp=sharing), generated with kicad-footprint-generator")
    (tags "capacitor handsolder")
    (path /620ECB3C/63ACE581)
    (attr smd)
    (fp_text reference C27 (at 0 -1.65) (layer F.SilkS)
      (effects (font (size 1 1) (thickness 0.15)))
    )
    (fp_text value 0.1uF (at 0 1.65) (layer F.Fab)
      (effects (font (size 1 1) (thickness 0.15)))
    )
    (fp_line (start 1.85 0.95) (end -1.85 0.95) (layer F.CrtYd) (width 0.05))
    (fp_line (start 1.85 -0.95) (end 1.85 0.95) (layer F.CrtYd) (width 0.05))
    (fp_line (start -1.85 -0.95) (end 1.85 -0.95) (layer F.CrtYd) (width 0.05))
    (fp_line (start -1.85 0.95) (end -1.85 -0.95) (layer F.CrtYd) (width 0.05))
    (fp_line (start -0.261252 0.71) (end 0.261252 0.71) (layer F.SilkS) (width 0.12))
    (fp_line (start -0.261252 -0.71) (end 0.261252 -0.71) (layer F.SilkS) (width 0.12))
    (fp_line (start 1 0.6) (end -1 0.6) (layer F.Fab) (width 0.1))
    (fp_line (start 1 -0.6) (end 1 0.6) (layer F.Fab) (width 0.1))
    (fp_line (start -1 -0.6) (end 1 -0.6) (layer F.Fab) (width 0.1))
    (fp_line (start -1 0.6) (end -1 -0.6) (layer F.Fab) (width 0.1))
    (fp_text user %R (at 0 0) (layer F.Fab)
      (effects (font (size 0.5 0.5) (thickness 0.08)))
    )
    (pad 2 smd roundrect (at 1.025 0) (size 1.15 1.4) (layers F.Cu F.Paste F.Mask) (roundrect_rratio 0.217391)
      (net 191 GND))
    (pad 1 smd roundrect (at -1.025 0) (size 1.15 1.4) (layers F.Cu F.Paste F.Mask) (roundrect_rratio 0.217391)
      (net 6 "Net-(C26-Pad1)"))
    (model ${KISYS3DMOD}/Capacitor_SMD.3dshapes/C_0805_2012Metric.wrl
      (at (xyz 0 0 0))
      (scale (xyz 1 1 1))
      (rotate (xyz 0 0 0))
    )
  )

  (module Capacitor_SMD:C_0805_2012Metric_Pad1.15x1.40mm_HandSolder (layer F.Cu) (tedit 5B36C52B) (tstamp 621E51DE)
    (at 78.348001 -7.017999)
    (descr "Capacitor SMD 0805 (2012 Metric), square (rectangular) end terminal, IPC_7351 nominal with elongated pad for handsoldering. (Body size source: https://docs.google.com/spreadsheets/d/1BsfQQcO9C6DZCsRaXUlFlo91Tg2WpOkGARC1WS5S8t0/edit?usp=sharing), generated with kicad-footprint-generator")
    (tags "capacitor handsolder")
    (path /620ECB3C/63ACE587)
    (attr smd)
    (fp_text reference C28 (at 0 -1.65) (layer F.SilkS)
      (effects (font (size 1 1) (thickness 0.15)))
    )
    (fp_text value 0.1uF (at 0 1.65) (layer F.Fab)
      (effects (font (size 1 1) (thickness 0.15)))
    )
    (fp_line (start -1 0.6) (end -1 -0.6) (layer F.Fab) (width 0.1))
    (fp_line (start -1 -0.6) (end 1 -0.6) (layer F.Fab) (width 0.1))
    (fp_line (start 1 -0.6) (end 1 0.6) (layer F.Fab) (width 0.1))
    (fp_line (start 1 0.6) (end -1 0.6) (layer F.Fab) (width 0.1))
    (fp_line (start -0.261252 -0.71) (end 0.261252 -0.71) (layer F.SilkS) (width 0.12))
    (fp_line (start -0.261252 0.71) (end 0.261252 0.71) (layer F.SilkS) (width 0.12))
    (fp_line (start -1.85 0.95) (end -1.85 -0.95) (layer F.CrtYd) (width 0.05))
    (fp_line (start -1.85 -0.95) (end 1.85 -0.95) (layer F.CrtYd) (width 0.05))
    (fp_line (start 1.85 -0.95) (end 1.85 0.95) (layer F.CrtYd) (width 0.05))
    (fp_line (start 1.85 0.95) (end -1.85 0.95) (layer F.CrtYd) (width 0.05))
    (fp_text user %R (at 0 0) (layer F.Fab)
      (effects (font (size 0.5 0.5) (thickness 0.08)))
    )
    (pad 1 smd roundrect (at -1.025 0) (size 1.15 1.4) (layers F.Cu F.Paste F.Mask) (roundrect_rratio 0.217391)
      (net 6 "Net-(C26-Pad1)"))
    (pad 2 smd roundrect (at 1.025 0) (size 1.15 1.4) (layers F.Cu F.Paste F.Mask) (roundrect_rratio 0.217391)
      (net 191 GND))
    (model ${KISYS3DMOD}/Capacitor_SMD.3dshapes/C_0805_2012Metric.wrl
      (at (xyz 0 0 0))
      (scale (xyz 1 1 1))
      (rotate (xyz 0 0 0))
    )
  )

  (module Capacitor_SMD:C_0805_2012Metric_Pad1.15x1.40mm_HandSolder (layer F.Cu) (tedit 5B36C52B) (tstamp 621E51EF)
    (at 81.661 -9.652)
    (descr "Capacitor SMD 0805 (2012 Metric), square (rectangular) end terminal, IPC_7351 nominal with elongated pad for handsoldering. (Body size source: https://docs.google.com/spreadsheets/d/1BsfQQcO9C6DZCsRaXUlFlo91Tg2WpOkGARC1WS5S8t0/edit?usp=sharing), generated with kicad-footprint-generator")
    (tags "capacitor handsolder")
    (path /620ECB3C/64933F4C)
    (attr smd)
    (fp_text reference C30 (at 0 -1.65) (layer F.SilkS)
      (effects (font (size 1 1) (thickness 0.15)))
    )
    (fp_text value 0.1uF (at 0 1.65) (layer F.Fab)
      (effects (font (size 1 1) (thickness 0.15)))
    )
    (fp_line (start -1 0.6) (end -1 -0.6) (layer F.Fab) (width 0.1))
    (fp_line (start -1 -0.6) (end 1 -0.6) (layer F.Fab) (width 0.1))
    (fp_line (start 1 -0.6) (end 1 0.6) (layer F.Fab) (width 0.1))
    (fp_line (start 1 0.6) (end -1 0.6) (layer F.Fab) (width 0.1))
    (fp_line (start -0.261252 -0.71) (end 0.261252 -0.71) (layer F.SilkS) (width 0.12))
    (fp_line (start -0.261252 0.71) (end 0.261252 0.71) (layer F.SilkS) (width 0.12))
    (fp_line (start -1.85 0.95) (end -1.85 -0.95) (layer F.CrtYd) (width 0.05))
    (fp_line (start -1.85 -0.95) (end 1.85 -0.95) (layer F.CrtYd) (width 0.05))
    (fp_line (start 1.85 -0.95) (end 1.85 0.95) (layer F.CrtYd) (width 0.05))
    (fp_line (start 1.85 0.95) (end -1.85 0.95) (layer F.CrtYd) (width 0.05))
    (fp_text user %R (at 0 0) (layer F.Fab)
      (effects (font (size 0.5 0.5) (thickness 0.08)))
    )
    (pad 1 smd roundrect (at -1.025 0) (size 1.15 1.4) (layers F.Cu F.Paste F.Mask) (roundrect_rratio 0.217391)
      (net 5 +3V3))
    (pad 2 smd roundrect (at 1.025 0) (size 1.15 1.4) (layers F.Cu F.Paste F.Mask) (roundrect_rratio 0.217391)
      (net 191 GND))
    (model ${KISYS3DMOD}/Capacitor_SMD.3dshapes/C_0805_2012Metric.wrl
      (at (xyz 0 0 0))
      (scale (xyz 1 1 1))
      (rotate (xyz 0 0 0))
    )
  )

  (module Capacitor_SMD:C_0805_2012Metric_Pad1.15x1.40mm_HandSolder (layer F.Cu) (tedit 5B36C52B) (tstamp 621E5200)
    (at 82.423 -4.064)
